       1
    2011       4       1   -9999.000     227.120   -9999.000     196.420     195.123   -9999.000   -9999.000   -9999.000   -9999.000   -9999.000   -9999.000   -9999.000   -9999.000   -9999.000   -9999.000   -9999.000   -9999.000   -9999.000   -9999.000   -9999.000   -9999.000   -9999.000   -9999.000   -9999.000
       1
    2012       4       1   -9999.000     233.950   -9999.000     222.407     247.823   -9999.000     243.950   -9999.000   -9999.000   -9999.000   -9999.000   -9999.000   -9999.000   -9999.000   -9999.000   -9999.000   -9999.000   -9999.000   -9999.000   -9999.000   -9999.000   -9999.000   -9999.000   -9999.000
       1
    2013       4       1   -9999.000     182.170   -9999.000     197.567     192.356   -9999.000   -9999.000   -9999.000   -9999.000   -9999.000   -9999.000   -9999.000   -9999.000   -9999.000   -9999.000   -9999.000   -9999.000   -9999.000   -9999.000   -9999.000   -9999.000   -9999.000   -9999.000   -9999.000
       1
    2014       4       1   -9999.000     250.660   -9999.000     207.396     212.991   -9999.000     243.759   -9999.000   -9999.000   -9999.000   -9999.000   -9999.000   -9999.000   -9999.000   -9999.000   -9999.000   -9999.000   -9999.000   -9999.000   -9999.000   -9999.000   -9999.000   -9999.000   -9999.000
       1
    2015       4       1   -9999.000     218.280   -9999.000     226.790     216.560   -9999.000     254.060   -9999.000   -9999.000   -9999.000   -9999.000   -9999.000   -9999.000   -9999.000   -9999.000   -9999.000   -9999.000   -9999.000   -9999.000   -9999.000   -9999.000   -9999.000   -9999.000   -9999.000
       1
    2016       4       1   -9999.000     233.950   -9999.000     201.951     199.754   -9999.000   -9999.000   -9999.000   -9999.000   -9999.000   -9999.000   -9999.000   -9999.000   -9999.000   -9999.000   -9999.000   -9999.000   -9999.000   -9999.000   -9999.000   -9999.000   -9999.000   -9999.000   -9999.000
       1
    2017       4       1   -9999.000     223.180   -9999.000     211.065     200.520   -9999.000   -9999.000   -9999.000   -9999.000   -9999.000   -9999.000   -9999.000   -9999.000   -9999.000   -9999.000   -9999.000   -9999.000   -9999.000   -9999.000   -9999.000   -9999.000   -9999.000   -9999.000   -9999.000
       1
    2018       4       1   -9999.000     239.780   -9999.000     248.215     225.068   -9999.000   -9999.000   -9999.000   -9999.000   -9999.000   -9999.000   -9999.000   -9999.000   -9999.000   -9999.000   -9999.000   -9999.000   -9999.000     228.330     227.590     218.520     282.110     271.540   -9999.000
       1
    2019       4       1   -9999.000     261.350   -9999.000     214.863     240.476   -9999.000   -9999.000   -9999.000   -9999.000   -9999.000   -9999.000   -9999.000   -9999.000   -9999.000   -9999.000   -9999.000   -9999.000   -9999.000     244.200   -9999.000     243.520     242.710     230.140     277.950
       1
    2020       4       1   -9999.000     216.170   -9999.000   -9999.000   -9999.000   -9999.000   -9999.000   -9999.000   -9999.000   -9999.000   -9999.000   -9999.000   -9999.000   -9999.000   -9999.000   -9999.000   -9999.000   -9999.000   -9999.000   -9999.000   -9999.000   -9999.000   -9999.000   -9999.000
       1
    2021       4       1   -9999.000     150.150   -9999.000     238.130     248.480   -9999.000   -9999.000   -9999.000   -9999.000   -9999.000   -9999.000   -9999.000   -9999.000   -9999.000   -9999.000   -9999.000   -9999.000   -9999.000   -9999.000   -9999.000   -9999.000   -9999.000   -9999.000   -9999.000
       1
    2022       4       1   -9999.000     237.240   -9999.000     191.672     206.883   -9999.000   -9999.000   -9999.000   -9999.000   -9999.000   -9999.000   -9999.000   -9999.000   -9999.000   -9999.000   -9999.000   -9999.000   -9999.000   -9999.000   -9999.000   -9999.000   -9999.000   -9999.000   -9999.000
       1
    2023       4       1   -9999.000     194.440   -9999.000     173.231   -9999.000   -9999.000     170.220   -9999.000   -9999.000   -9999.000   -9999.000   -9999.000   -9999.000   -9999.000   -9999.000   -9999.000   -9999.000   -9999.000   -9999.000   -9999.000   -9999.000   -9999.000   -9999.000   -9999.000
