    1   51  265        393815.2       8491351.0     0.0
    2   52  265        400566.6       8482832.0     0.0
    3   50  266        395822.3       8506797.0     0.0
    4   51  266        402567.4       8498278.0     0.0
    5   52  266        409315.6       8489763.0     0.0
    6   53  266        416067.4       8481252.0     0.0
    7   48  267        391104.3       8530759.0     0.0
    8   49  267        397839.2       8522238.0     0.0
    9   50  267        404577.4       8513721.0     0.0
   10   51  267        411319.4       8505206.0     0.0
   11   52  267        418064.7       8496696.0     0.0
   12   53  267        424813.4       8488187.0     0.0
   13   47  268        393137.3       8546196.0     0.0
   14   48  268        399865.6       8537675.0     0.0
   15   49  268        406597.3       8529159.0     0.0
   16   50  268        413332.5       8520646.0     0.0
   17   51  268        420071.4       8512135.0     0.0
   18   52  268        426813.5       8503628.0     0.0
   19   53  268        433559.4       8495123.0     0.0
   20   54  268        440308.6       8486621.0     0.0
   21   46  269        395180.0       8561628.0     0.0
   22   47  269        401901.6       8553109.0     0.0
   23   48  269        408626.8       8544592.0     0.0
   24   49  269        415355.4       8536079.0     0.0
   25   50  269        422087.6       8527569.0     0.0
   26   51  269        428823.3       8519062.0     0.0
   27   52  269        435562.5       8510558.0     0.0
   28   53  269        442305.4       8502057.0     0.0
   29   54  269        449051.6       8493560.0     0.0
   30   55  269        455801.2       8485065.0     0.0
   31   44  270        390520.7       8585578.0     0.0
   32   45  270        397232.1       8577056.0     0.0
   33   46  270        403947.2       8568537.0     0.0
   34   47  270        410665.8       8560023.0     0.0
   35   48  270        417387.8       8551509.0     0.0
   36   49  270        424113.4       8543001.0     0.0
   37   50  270        430842.6       8534493.0     0.0
   38   51  270        437575.1       8525990.0     0.0
   39   52  270        444311.4       8517490.0     0.0
   40   53  270        451051.1       8508993.0     0.0
   41   54  270        457794.2       8500498.0     0.0
   42   55  270        464541.0       8492006.0     0.0
   43   56  270        471291.2       8483518.0     0.0
   44   43  271        392589.8       8601001.0     0.0
   45   44  271        399294.3       8592480.0     0.0
   46   45  271        406002.7       8583963.0     0.0
   47   46  271        412714.5       8575448.0     0.0
   48   47  271        419430.0       8566936.0     0.0
   49   48  271        426148.9       8558426.0     0.0
   50   49  271        432871.3       8549920.0     0.0
   51   50  271        439597.6       8541417.0     0.0
   52   51  271        446327.2       8532918.0     0.0
   53   52  271        453060.3       8524420.0     0.0
   54   53  271        459796.9       8515927.0     0.0
   55   54  271        466537.1       8507436.0     0.0
   56   55  271        473280.8       8498948.0     0.0
   57   56  271        480028.2       8490463.0     0.0
   58   57  271        486778.9       8481981.0     0.0
   59   42  272        394668.8       8616421.0     0.0
   60   43  272        401366.7       8607900.0     0.0
   61   44  272        408067.9       8599382.0     0.0
   62   45  272        414773.1       8590868.0     0.0
   63   46  272        421482.0       8582356.0     0.0
   64   47  272        428194.2       8573848.0     0.0
   65   48  272        434910.0       8565342.0     0.0
   66   49  272        441629.4       8556840.0     0.0
   67   50  272        448352.6       8548341.0     0.0
   68   51  272        455079.0       8539845.0     0.0
   69   52  272        461809.4       8531352.0     0.0
   70   53  272        468543.0       8522862.0     0.0
   71   54  272        475280.1       8514374.0     0.0
   72   55  272        482020.8       8505890.0     0.0
   73   56  272        488765.2       8497409.0     0.0
   74   57  272        495513.1       8488930.0     0.0
   75   40  273        390069.9       8640358.0     0.0
   76   41  273        396757.5       8631835.0     0.0
   77   42  273        403448.7       8623315.0     0.0
   78   43  273        410143.3       8614798.0     0.0
   79   44  273        416841.6       8606283.0     0.0
   80   45  273        423543.7       8597773.0     0.0
   81   46  273        430249.2       8589265.0     0.0
   82   47  273        436958.5       8580760.0     0.0
   83   48  273        443671.1       8572258.0     0.0
   84   49  273        450387.5       8563761.0     0.0
   85   50  273        457107.6       8555265.0     0.0
   86   51  273        463831.0       8546773.0     0.0
   87   52  273        470558.2       8538283.0     0.0
   88   53  273        477288.8       8529795.0     0.0
   89   54  273        484023.1       8521313.0     0.0
   90   55  273        490760.9       8512832.0     0.0
   91   56  273        497502.3       8504354.0     0.0
   92   57  273        504247.1       8495879.0     0.0
   93   58  273        510995.6       8487406.0     0.0
   94   39  274        392175.6       8655767.0     0.0
   95   40  274        398856.1       8647245.0     0.0
   96   41  274        405540.4       8638725.0     0.0
   97   42  274        412228.5       8630208.0     0.0
   98   43  274        418919.9       8621695.0     0.0
   99   44  274        425615.1       8613185.0     0.0
  100   45  274        432314.0       8604677.0     0.0
  101   46  274        439016.5       8596174.0     0.0
  102   47  274        445722.6       8587673.0     0.0
  103   48  274        452432.2       8579175.0     0.0
  104   49  274        459145.5       8570680.0     0.0
  105   50  274        465862.3       8562188.0     0.0
  106   51  274        472583.1       8553700.0     0.0
  107   52  274        479307.1       8545214.0     0.0
  108   53  274        486034.8       8536731.0     0.0
  109   54  274        492766.2       8528251.0     0.0
  110   55  274        499500.9       8519774.0     0.0
  111   56  274        506239.3       8511300.0     0.0
  112   57  274        512981.3       8502828.0     0.0
  113   58  274        519726.9       8494360.0     0.0
  114   59  274        526475.8       8485895.0     0.0
  115   38  275        394291.1       8671171.0     0.0
  116   39  275        400964.9       8662650.0     0.0
  117   40  275        407642.3       8654130.0     0.0
  118   41  275        414323.3       8645615.0     0.0
  119   42  275        421008.2       8637102.0     0.0
  120   43  275        427696.5       8628593.0     0.0
  121   44  275        434388.5       8620086.0     0.0
  122   45  275        441084.2       8611582.0     0.0
  123   46  275        447783.6       8603082.0     0.0
  124   47  275        454486.8       8594585.0     0.0
  125   48  275        461193.4       8586091.0     0.0
  126   49  275        467903.4       8577599.0     0.0
  127   50  275        474617.3       8569111.0     0.0
  128   51  275        481334.7       8560626.0     0.0
  129   52  275        488055.9       8552145.0     0.0
  130   53  275        494780.7       8543664.0     0.0
  131   54  275        501508.9       8535190.0     0.0
  132   55  275        508240.8       8526715.0     0.0
  133   56  275        514976.1       8518245.0     0.0
  134   57  275        521715.3       8509778.0     0.0
  135   58  275        528458.0       8501312.0    21.5
  136   59  275        535204.0       8492852.0    15.0
  137   60  275        541953.8       8484392.0     6.0
  138   36  276        389753.9       8695095.0     0.0
  139   37  276        396417.0       8686570.0     0.0
  140   38  276        403083.9       8678050.0     0.0
  141   39  276        409754.5       8669532.0     0.0
  142   40  276        416428.4       8661016.0     0.0
  143   41  276        423106.4       8652504.0     0.0
  144   42  276        429787.9       8643995.0     0.0
  145   43  276        436473.1       8635489.0     0.0
  146   44  276        443162.1       8626987.0     0.0
  147   45  276        449854.7       8618487.0     0.0
  148   46  276        456550.9       8609990.0     0.0
  149   47  276        463250.9       8601497.0     0.0
  150   48  276        469954.3       8593007.0    46.5
  151   49  276        476661.6       8584520.0    79.0
  152   50  276        483372.4       8576035.0    94.0
  153   51  276        490086.8       8567553.0    95.5
  154   52  276        496804.8       8559075.0    93.0
  155   53  276        503526.5       8550599.0    81.0
  156   54  276        510251.9       8542127.0    73.5
  157   55  276        516980.8       8533657.0   105.5
  158   56  276        523713.3       8525191.0   154.5
  159   57  276        530449.4       8516728.0   161.0
  160   58  276        537189.2       8508266.0   112.0
  161   59  276        543932.4       8499808.0    48.0
  162   60  276        550679.3       8491352.0     0.0
  163   61  276        557429.8       8482901.0     0.0
  164   35  277        391897.2       8710490.0     0.0
  165   36  277        398553.3       8701966.0     0.0
  166   37  277        405213.1       8693446.0     0.0
  167   38  277        411876.6       8684928.0     0.0
  168   39  277        418543.7       8676413.0     0.0
  169   40  277        425214.6       8667902.0     0.0
  170   41  277        431889.4       8659393.0     0.0
  171   42  277        438567.7       8650888.0     0.0
  172   43  277        445249.9       8642386.0     0.0
  173   44  277        451935.7       8633888.0     0.0
  174   45  277        458625.1       8625392.0     0.0
  175   46  277        465318.2       8616899.0     0.0
  176   47  277        472015.0       8608410.0    19.0
  177   48  277        478715.4       8599923.0    98.0
  178   49  277        485419.7       8591439.0   213.0
  179   50  277        492127.3       8582959.0   322.5
  180   51  277        498838.7       8574480.0   380.0
  181   52  277        505553.9       8566007.0   352.5
  182   53  277        512272.8       8557534.0   248.0
  183   54  277        518994.9       8549066.0   161.0
  184   55  277        525721.0       8540600.0   186.0
  185   56  277        532450.6       8532137.0   268.5
  186   57  277        539183.8       8523676.0   264.5
  187   58  277        545920.8       8515219.0   157.5
  188   59  277        552661.1       8506764.0    50.0
  189   60  277        559404.9       8498313.0     0.0
  190   61  277        566152.6       8489865.0     0.0
  191   62  277        572903.7       8481418.0     0.0
  192   34  278        394050.4       8725879.0     0.0
  193   35  278        400699.4       8717356.0     0.0
  194   36  278        407352.3       8708836.0     0.0
  195   37  278        414008.8       8700319.0     0.0
  196   38  278        420669.0       8691805.0     4.0
  197   39  278        427333.0       8683294.0     6.5
  198   40  278        434000.8       8674787.0     0.0
  199   41  278        440672.2       8666283.0     0.0
  200   42  278        447347.4       8657781.0     0.0
  201   43  278        454026.4       8649284.0     0.0
  202   44  278        460709.0       8640788.0     0.0
  203   45  278        467395.5       8632296.0     8.0
  204   46  278        474085.5       8623807.0     3.5
  205   47  278        480779.3       8615321.0    20.5
  206   48  278        487476.6       8606839.0   103.5
  207   49  278        494177.7       8598358.0   267.5
  208   50  278        500882.5       8589882.0   460.0
  209   51  278        507590.8       8581408.0   574.5
  210   52  278        514302.9       8572938.0   535.0
  211   53  278        521018.8       8564469.0   382.0
  212   54  278        527738.1       8556004.0   254.0
  213   55  278        534461.1       8547543.0   242.5
  214   56  278        541187.8       8539082.0   272.5
  215   57  278        547917.9       8530627.0   218.5
  216   58  278        554652.0       8522173.0    98.0
  217   59  278        561389.4       8513723.0    13.0
  218   60  278        568130.8       8505274.0     0.0
  219   61  278        574875.3       8496829.0     0.0
  220   62  278        581623.8       8488387.0     0.0
  221   33  279        396214.0       8741265.0     0.0
  222   34  279        402856.0       8732742.0    43.5
  223   35  279        409501.8       8724223.0    46.5
  224   36  279        416151.2       8715706.0    34.5
  225   37  279        422804.5       8707193.0    17.0
  226   38  279        429461.5       8698682.0     0.0
  227   39  279        436122.4       8690175.0    20.5
  228   40  279        442786.8       8681672.0     0.0
  229   41  279        449455.2       8673172.0     0.0
  230   42  279        456127.4       8664674.0     0.0
  231   43  279        462803.2       8656180.0    41.0
  232   44  279        469482.6       8647689.0    92.5
  233   45  279        476165.7       8639201.0   103.0
  234   46  279        482852.6       8630715.0    66.0
  235   47  279        489543.4       8622234.0    50.0
  236   48  279        496237.8       8613754.0   111.0
  237   49  279        502935.8       8605278.0   236.5
  238   50  279        509637.6       8596806.0   379.5
  239   51  279        516342.9       8588335.0   480.0
  240   52  279        523052.1       8579867.0   495.5
  241   53  279        529764.9       8571405.0   436.5
  242   54  279        536481.1       8562943.0   351.5
  243   55  279        543201.3       8554485.0   271.0
  244   56  279        549925.1       8546028.0   183.0
  245   57  279        556652.4       8537576.0    83.5
  246   58  279        563383.6       8529126.0     0.0
  247   59  279        570118.3       8520680.0     0.0
  248   60  279        576856.5       8512236.0     0.0
  249   61  279        583598.3       8503794.0     0.0
  250   62  279        590343.9       8495357.0     0.0
  251   63  279        597093.2       8486920.0     0.0
  252   31  280        391756.9       8765170.0     0.0
  253   32  280        398387.9       8756644.0    22.0
  254   33  280        405022.7       8748122.0    62.0
  255   34  280        411661.4       8739603.0    77.5
  256   35  280        418303.8       8731088.0    56.5
  257   36  280        424950.1       8722575.0    24.5
  258   37  280        431600.1       8714065.0    11.5
  259   38  280        438254.0       8705559.0     0.0
  260   39  280        444911.4       8697057.0    50.0
  261   40  280        451573.0       8688558.0    63.5
  262   41  280        458238.0       8680060.0    40.0
  263   42  280        464907.0       8671567.0     0.0
  264   43  280        471579.6       8663077.0    72.5
  265   44  280        478255.9       8654589.0   184.5
  266   45  280        484935.9       8646105.0   220.5
  267   46  280        491619.9       8637623.0   141.0
  268   47  280        498307.4       8629145.0    91.5
  269   48  280        504998.7       8620670.0   165.5
  270   49  280        511693.8       8612198.0   258.5
  271   50  280        518392.5       8603730.0   279.0
  272   51  280        525095.0       8595263.0   294.5
  273   52  280        531801.0       8586799.0   370.5
  274   53  280        538510.8       8578339.0   436.5
  275   54  280        545224.3       8569882.0   389.0
  276   55  280        551941.4       8561428.0   233.5
  277   56  280        558662.1       8552976.0    73.5
  278   57  280        565386.8       8544526.0     0.0
  279   58  280        572115.1       8536081.0     0.0
  280   59  280        578846.8       8527637.0     0.0
  281   60  280        585582.1       8519196.0     0.0
  282   61  280        592321.3       8510759.0     0.0
  283   62  280        599063.9       8502324.0     0.0
  284   63  280        605810.4       8493892.0     0.0
  285   64  280        612560.3       8485463.0     0.0
  286   30  281        393948.3       8780544.0     0.0
  287   31  281        400572.3       8772019.0     0.0
  288   32  281        407200.0       8763498.0    18.0
  289   33  281        413831.4       8754980.0    48.0
  290   34  281        420466.8       8746465.0    92.5
  291   35  281        427106.0       8737953.0   130.0
  292   36  281        433749.1       8729445.0   130.0
  293   37  281        440395.9       8720940.0   103.0
  294   38  281        447046.5       8712437.0   125.0
  295   39  281        453700.8       8703938.0   214.0
  296   40  281        460359.1       8695442.0   257.0
  297   41  281        467021.0       8686950.0   163.0
  298   42  281        473686.8       8678460.0    33.5
  299   43  281        480356.3       8669973.0    54.5
  300   44  281        487029.4       8661489.0   214.0
  301   45  281        493706.5       8653009.0   289.5
  302   46  281        500387.1       8644532.0   185.5
  303   47  281        507071.8       8636058.0   103.5
  304   48  281        513759.9       8627586.0   214.0
  305   49  281        520451.9       8619118.0   366.5
  306   50  281        527147.4       8610652.0   370.5
  307   51  281        533847.1       8602190.0   311.5
  308   52  281        540550.2       8593731.0   336.0
  309   53  281        547257.0       8585274.0   371.5
  310   54  281        553967.6       8576820.0   286.5
  311   55  281        560681.8       8568370.0   119.0
  312   56  281        567399.7       8559922.0     0.0
  313   57  281        574121.2       8551477.0     0.0
  314   58  281        580846.6       8543034.0     0.0
  315   59  281        587575.5       8534595.0     0.0
  316   60  281        594308.0       8526159.0     0.0
  317   61  281        601044.3       8517724.0     0.0
  318   62  281        607784.3       8509294.0     0.0
  319   63  281        614528.0       8500866.0     0.0
  320   64  281        621275.3       8492440.0     0.0
  321   65  281        628025.8       8484018.0     0.0
  322   29  282        396150.5       8795913.0     0.0
  323   30  282        402767.1       8787390.0     0.0
  324   31  282        409387.7       8778868.0     0.0
  325   32  282        416012.2       8770352.0     0.0
  326   33  282        422640.2       8761837.0    66.0
  327   34  282        429272.3       8753326.0    85.0
  328   35  282        435908.3       8744818.0   254.0
  329   36  282        442548.0       8736314.0   355.0
  330   37  282        449191.5       8727812.0   331.5
  331   38  282        455839.0       8719314.0   317.5
  332   39  282        462490.1       8710819.0   385.0
  333   40  282        469145.0       8702327.0   383.5
  334   41  282        475803.8       8693838.0   205.5
  335   42  282        482466.6       8685353.0    10.0
  336   43  282        489132.9       8676869.0    21.5
  337   44  282        495803.0       8668390.0   209.0
  338   45  282        502476.9       8659914.0   321.5
  339   46  282        509154.6       8651441.0   236.0
  340   47  282        515836.1       8642970.0   128.0
  341   48  282        522521.2       8634502.0   213.0
  342   49  282        529210.1       8626037.0   422.0
  343   50  282        535902.8       8617577.0   524.5
  344   51  282        542599.2       8609118.0   466.0
  345   52  282        549299.4       8600662.0   356.0
  346   53  282        556003.3       8592209.0   237.5
  347   54  282        562710.8       8583760.0   107.0
  348   55  282        569422.1       8575313.0     0.0
  349   56  282        576137.2       8566869.0     0.0
  350   57  282        582855.9       8558428.0     0.0
  351   58  282        589578.3       8549989.0     0.0
  352   59  282        596304.4       8541554.0     0.0
  353   60  282        603034.1       8533120.0     0.0
  354   61  282        609767.6       8524691.0     0.0
  355   62  282        616504.6       8516263.0     0.0
  356   63  282        623245.4       8507840.0     0.0
  357   64  282        629989.9       8499417.0     0.0
  358   65  282        636738.0       8490999.0     0.0
  359   66  282        643489.9       8482583.0     0.0
  360   27  283        391757.6       8819804.0     0.0
  361   28  283        398363.1       8811278.0     0.0
  362   29  283        404972.6       8802754.0     0.0
  363   30  283        411585.9       8794235.0     0.0
  364   31  283        418203.0       8785718.0    12.5
  365   32  283        424824.2       8777205.0     0.0
  366   33  283        431449.0       8768694.0    21.5
  367   34  283        438077.8       8760187.0   135.5
  368   35  283        444710.3       8751683.0   360.0
  369   36  283        451346.8       8743183.0   544.0
  370   37  283        457987.3       8734686.0   565.5
  371   38  283        464631.3       8726192.0   495.5
  372   39  283        471279.4       8717701.0   424.5
  373   40  283        477931.1       8709212.0   298.5
  374   41  283        484586.8       8700727.0    96.5
  375   42  283        491246.1       8692245.0     0.0
  376   43  283        497909.6       8683766.0     0.0
  377   44  283        504576.4       8675291.0   240.0
  378   45  283        511247.3       8666819.0   381.0
  379   46  283        517921.9       8658349.0   354.0
  380   47  283        524600.3       8649883.0   240.5
  381   48  283        531282.6       8641418.0   223.0
  382   49  283        537968.3       8632958.0   371.5
  383   50  283        544658.0       8624501.0   533.0
  384   51  283        551351.5       8616046.0   519.5
  385   52  283        558048.7       8607594.0   332.0
  386   53  283        564749.5       8599145.0   116.5
  387   54  283        571454.2       8590699.0     0.0
  388   55  283        578162.6       8582257.0     0.0
  389   56  283        584874.6       8573815.0     0.0
  390   57  283        591590.7       8565378.0     0.0
  391   58  283        598310.2       8556944.0     0.0
  392   59  283        605033.4       8548512.0     0.0
  393   60  283        611760.2       8540083.0     0.0
  394   61  283        618491.0       8531657.0     0.0
  395   62  283        625225.3       8523234.0     0.0
  396   63  283        631963.2       8514813.0     0.0
  397   64  283        638705.1       8506395.0     0.0
  398   65  283        645450.3       8497980.0     0.0
  399   66  283        652199.3       8489568.0     0.0
  400   67  283        658952.1       8481158.0     0.0
  401   26  284        393988.1       8835163.0     0.0
  402   27  284        400586.3       8826637.0     0.0
  403   28  284        407188.3       8818115.0     0.0
  404   29  284        413794.5       8809596.0    77.5
  405   30  284        420404.4       8801079.0    71.0
  406   31  284        427018.3       8792567.0    90.0
  407   32  284        433636.0       8784057.0   188.5
  408   33  284        440257.6       8775551.0   302.5
  409   34  284        446883.3       8767048.0   382.5
  410   35  284        453512.6       8758549.0   484.0
  411   36  284        460145.9       8750052.0   600.5
  412   37  284        466782.9       8741559.0   623.5
  413   38  284        473423.8       8733068.0   504.0
  414   39  284        480068.6       8724581.0   307.5
  415   40  284        486717.3       8716097.0   112.0
  416   41  284        493369.7       8707616.0     8.0
  417   42  284        500026.1       8699138.0     0.0
  418   43  284        506686.3       8690664.0    89.0
  419   44  284        513350.0       8682192.0   294.0
  420   45  284        520017.8       8673723.0   461.0
  421   46  284        526689.4       8665258.0   497.0
  422   47  284        533364.8       8656794.0   397.5
  423   48  284        540043.8       8648335.0   291.5
  424   49  284        546726.8       8639879.0   325.5
  425   50  284        553413.3       8631425.0   444.0
  426   51  284        560103.8       8622974.0   443.0
  427   52  284        566798.0       8614526.0   267.5
  428   53  284        573495.9       8606081.0    68.0
  429   54  284        580197.8       8597639.0     0.0
  430   55  284        586903.1       8589200.0     0.0
  431   56  284        593612.4       8580763.0     0.0
  432   57  284        600325.4       8572329.0     0.0
  433   58  284        607042.0       8563899.0     0.0
  434   59  284        613762.4       8555471.0     0.0
  435   60  284        620486.4       8547046.0     0.0
  436   61  284        627214.3       8538623.0     0.0
  437   62  284        633945.8       8530205.0     0.0
  438   63  284        640681.1       8521787.0     0.0
  439   64  284        647419.9       8513373.0     0.0
  440   65  284        654162.5       8504962.0     0.0
  441   66  284        660909.0       8496553.0     0.0
  442   67  284        667658.9       8488147.0     0.0
  443   25  285        396228.9       8850517.0     0.0
  444   26  285        402819.8       8841991.0     0.0
  445   27  285        409414.9       8833470.0    61.5
  446   28  285        416013.5       8824952.0   222.0
  447   29  285        422616.2       8816437.0   307.0
  448   30  285        429222.8       8807924.0   270.0
  449   31  285        435833.5       8799416.0   305.0
  450   32  285        442447.8       8790911.0   520.5
  451   33  285        449066.3       8782408.0   726.0
  452   34  285        455688.4       8773909.0   739.0
  453   35  285        462314.5       8765413.0   644.5
  454   36  285        468944.7       8756921.0   581.5
  455   37  285        475578.5       8748432.0   516.5
  456   38  285        482216.1       8739945.0   365.5
  457   39  285        488857.8       8731462.0   172.0
  458   40  285        495503.3       8722982.0    51.5
  459   41  285        502152.5       8714505.0    24.5
  460   42  285        508805.8       8706031.0    45.0
  461   43  285        515462.7       8697560.0   119.0
  462   44  285        522123.4       8689093.0   276.5
  463   45  285        528788.3       8680627.0   454.5
  464   46  285        535456.7       8672166.0   533.0
  465   47  285        542129.0       8663706.0   471.5
  466   48  285        548805.1       8655251.0   365.5
  467   49  285        555484.9       8646799.0   336.0
  468   50  285        562168.5       8638349.0   361.5
  469   51  285        568856.1       8629902.0   320.5
  470   52  285        575547.2       8621458.0   182.0
  471   53  285        582242.3       8613017.0    48.0
  472   54  285        588941.1       8604579.0     0.0
  473   55  285        595643.6       8596143.0     0.0
  474   56  285        602349.9       8587711.0     0.0
  475   57  285        609059.9       8579281.0     0.0
  476   58  285        615773.9       8570854.0     0.0
  477   59  285        622491.3       8562430.0     0.0
  478   60  285        629212.8       8554009.0     0.0
  479   61  285        635937.5       8545591.0     0.0
  480   62  285        642666.3       8537175.0     0.0
  481   63  285        649398.8       8528762.0     0.0
  482   64  285        656134.9       8520352.0     0.0
  483   65  285        662875.0       8511944.0     0.0
  484   66  285        669618.4       8503540.0     0.0
  485   67  285        676365.8       8495137.0     0.0
  486   68  285        683116.9       8486738.0     0.0
  487   23  286        391901.4       8874393.0     0.0
  488   24  286        398480.9       8865866.0     0.0
  489   25  286        405064.5       8857342.0     0.0
  490   26  286        411651.8       8848820.0    15.5
  491   27  286        418243.4       8840303.0   174.5
  492   28  286        424838.8       8831788.0   400.5
  493   29  286        431438.1       8823277.0   511.5
  494   30  286        438041.4       8814768.0   496.0
  495   31  286        444648.8       8806265.0   559.5
  496   32  286        451259.9       8797763.0   765.5
  497   33  286        457874.8       8789265.0   914.5
  498   34  286        464493.9       8780770.0   872.0
  499   35  286        471116.8       8772278.0   730.0
  500   36  286        477743.5       8763789.0   599.5
  501   37  286        484374.2       8755304.0   460.0
  502   38  286        491008.6       8746822.0   288.0
  503   39  286        497647.1       8738343.0   167.5
  504   40  286        504289.4       8729866.0   161.5
  505   41  286        510935.6       8721394.0   186.0
  506   42  286        517585.7       8712924.0   144.5
  507   43  286        524239.4       8704458.0   104.5
  508   44  286        530897.2       8695994.0   177.0
  509   45  286        537558.8       8687533.0   323.0
  510   46  286        544224.0       8679075.0   427.5
  511   47  286        550893.4       8670620.0   439.0
  512   48  286        557566.6       8662168.0   385.0
  513   49  286        564243.3       8653720.0   316.5
  514   50  286        570924.0       8645273.0   249.5
  515   51  286        577608.4       8636831.0   169.0
  516   52  286        584296.8       8628390.0    79.0
  517   53  286        590988.9       8619954.0     0.0
  518   54  286        597684.6       8611518.0     0.0
  519   55  286        604384.3       8603088.0     0.0
  520   56  286        611087.9       8594658.0     0.0
  521   57  286        617794.8       8586233.0     0.0
  522   58  286        624505.8       8577811.0     0.0
  523   59  286        631220.6       8569390.0     0.0
  524   60  286        637938.9       8560973.0     0.0
  525   61  286        644661.4       8552558.0     0.0
  526   62  286        651387.2       8544146.0     0.0
  527   63  286        658116.9       8535738.0     0.0
  528   64  286        664850.4       8527331.0     0.0
  529   65  286        671587.4       8518928.0     0.0
  530   66  286        678328.3       8510526.0     0.0
  531   67  286        685072.9       8502128.0     0.0
  532   68  286        691821.3       8493732.0     0.0
  533   69  286        698573.1       8485340.0     0.0
  534   22  287        394171.4       8889736.0     0.0
  535   23  287        400743.6       8881209.0     0.0
  536   24  287        407319.6       8872685.0     0.0
  537   25  287        413899.7       8864165.0     2.5
  538   26  287        420483.8       8855649.0    73.5
  539   27  287        427072.0       8847135.0   248.0
  540   28  287        433664.0       8838625.0   425.0
  541   29  287        440259.9       8830117.0   510.0
  542   30  287        446859.9       8821613.0   538.5
  543   31  287        453463.8       8813113.0   603.0
  544   32  287        460071.8       8804616.0   685.5
  545   33  287        466683.6       8796122.0   716.5
  546   34  287        473299.3       8787630.0   717.0
  547   35  287        479918.8       8779143.0   727.5
  548   36  287        486542.5       8770658.0   688.0
  549   37  287        493169.8       8762177.0   537.0
  550   38  287        499801.3       8753699.0   351.5
  551   39  287        506436.5       8745224.0   265.0
  552   40  287        513075.7       8736752.0   281.5
  553   41  287        519718.6       8728283.0   271.5
  554   42  287        526365.6       8719817.0   186.0
  555   43  287        533016.3       8711354.0   122.5
  556   44  287        539671.0       8702894.0   152.0
  557   45  287        546329.3       8694437.0   239.0
  558   46  287        552991.8       8685983.0   335.5
  559   47  287        559658.1       8677532.0   393.5
  560   48  287        566327.9       8669085.0   355.0
  561   49  287        573001.8       8660641.0   227.5
  562   50  287        579679.4       8652199.0    98.0
  563   51  287        586361.1       8643759.0    28.0
  564   52  287        593046.4       8635323.0     0.0
  565   53  287        599735.5       8626890.0     0.0
  566   54  287        606428.3       8618459.0     0.0
  567   55  287        613124.9       8610033.0     0.0
  568   56  287        619825.8       8601607.0     0.0
  569   57  287        626529.9       8593185.0     0.0
  570   58  287        633238.1       8584766.0     0.0
  571   59  287        639949.9       8576350.0     0.0
  572   60  287        646665.4       8567938.0     0.0
  573   61  287        653385.1       8559526.0     0.0
  574   62  287        660108.1       8551118.0     0.0
  575   63  287        666835.1       8542713.0     0.0
  576   64  287        673565.9       8534311.0     0.0
  577   65  287        680300.2       8525911.0     0.0
  578   66  287        687038.4       8517514.0     0.0
  579   67  287        693780.3       8509119.0     0.0
  580   68  287        700525.9       8500727.0     0.0
  581   69  287        707275.3       8492338.0     0.0
  582   70  287        714028.1       8483952.0     0.0
  583   20  288        389891.6       8913603.0     0.0
  584   21  288        396452.4       8905074.0     0.0
  585   22  288        403016.9       8896547.0     0.0
  586   23  288        409585.8       8888026.0     0.0
  587   24  288        416158.4       8879505.0     0.0
  588   25  288        422735.1       8870990.0     1.5
  589   26  288        429315.7       8862476.0    88.0
  590   27  288        435900.6       8853967.0   214.0
  591   28  288        442489.2       8845461.0   298.0
  592   29  288        449081.9       8836958.0   325.0
  593   30  288        455678.4       8828457.0   346.0
  594   31  288        462279.2       8819962.0   379.5
  595   32  288        468883.7       8811469.0   414.5
  596   33  288        475492.2       8802979.0   484.0
  597   34  288        482104.6       8794492.0   623.5
  598   35  288        488721.0       8786008.0   751.5
  599   36  288        495341.4       8777528.0   725.5
  600   37  288        501965.6       8769050.0   546.5
  601   38  288        508593.8       8760576.0   378.0
  602   39  288        515225.8       8752105.0   325.0
  603   40  288        521861.8       8743637.0   324.0
  604   41  288        528501.6       8735172.0   286.5
  605   42  288        535145.5       8726710.0   250.5
  606   43  288        541793.1       8718251.0   277.5
  607   44  288        548444.6       8709795.0   332.0
  608   45  288        555100.1       8701343.0   363.0
  609   46  288        561759.3       8692893.0   387.0
  610   47  288        568422.5       8684447.0   386.0
  611   48  288        575089.5       8676003.0   296.0
  612   49  288        581760.3       8667561.0   132.0
  613   50  288        588435.1       8659124.0     3.5
  614   51  288        595113.6       8650688.0     0.0
  615   52  288        601795.9       8642256.0     0.0
  616   53  288        608482.1       8633827.0     0.0
  617   54  288        615172.1       8625401.0     0.0
  618   55  288        621865.9       8616977.0     0.0
  619   56  288        628563.6       8608557.0     0.0
  620   57  288        635265.0       8600138.0     0.0
  621   58  288        641970.3       8591723.0     0.0
  622   59  288        648679.4       8583311.0     0.0
  623   60  288        655392.1       8574902.0     0.0
  624   61  288        662108.9       8566495.0     0.0
  625   62  288        668829.4       8558091.0     0.0
  626   63  288        675553.4       8549689.0     0.0
  627   64  288        682281.3       8541290.0     0.0
  628   65  288        689013.3       8532894.0     0.0
  629   66  288        695748.5       8524501.0     0.0
  630   67  288        702487.7       8516111.0     0.0
  631   68  288        709230.8       8507723.0     0.0
  632   69  288        715977.3       8499338.0     0.0
  633   70  288        722727.7       8490955.0     0.0
  634   71  288        729482.0       8482575.0     0.0
  635   19  289        392190.9       8928934.0     0.0
  636   20  289        398744.1       8920405.0     0.0
  637   21  289        405301.3       8911881.0     0.0
  638   22  289        411862.6       8903358.0     0.0
  639   23  289        418427.7       8894840.0     0.0
  640   24  289        424997.1       8886324.0     0.0
  641   25  289        431570.4       8877813.0     0.0
  642   26  289        438147.7       8869304.0    42.5
  643   27  289        444729.1       8860799.0   111.0
  644   28  289        451314.3       8852296.0   144.5
  645   29  289        457903.8       8843798.0   126.5
  646   30  289        464496.9       8835302.0   114.5
  647   31  289        471094.4       8826810.0   174.5
  648   32  289        477695.6       8818321.0   327.0
  649   33  289        484300.8       8809835.0   529.5
  650   34  289        490910.1       8801352.0   689.5
  651   35  289        497523.2       8792873.0   705.0
  652   36  289        504140.3       8784396.0   560.5
  653   37  289        510761.4       8775924.0   380.0
  654   38  289        517386.3       8767454.0   309.5
  655   39  289        524015.1       8758986.0   356.5
  656   40  289        530648.0       8750522.0   419.5
  657   41  289        537284.7       8742061.0   444.5
  658   42  289        543925.6       8733603.0   480.5
  659   43  289        550569.9       8725149.0   550.0
  660   44  289        557218.5       8716696.0   590.5
  661   45  289        563870.9       8708248.0   559.0
  662   46  289        570527.1       8699803.0   471.0
  663   47  289        577187.3       8691359.0   347.5
  664   48  289        583851.1       8682920.0   202.5
  665   49  289        590519.1       8674482.0    72.0
  666   50  289        597190.6       8666049.0     0.0
  667   51  289        603866.3       8657618.0     0.0
  668   52  289        610545.7       8649189.0     0.0
  669   53  289        617228.9       8640764.0     0.0
  670   54  289        623916.1       8632342.0     0.0
  671   55  289        630607.0       8623923.0     0.0
  672   56  289        637301.8       8615505.0    37.5
  673   57  289        644000.4       8607092.0    72.0
  674   58  289        650702.8       8598681.0     0.0
  675   59  289        657409.1       8590272.0     0.0
  676   60  289        664119.2       8581866.0     0.0
  677   61  289        670832.8       8573464.0     0.0
  678   62  289        677550.4       8565064.0     0.0
  679   63  289        684272.0       8556666.0     0.0
  680   64  289        690997.2       8548271.0     0.0
  681   65  289        697726.0       8539880.0     0.0
  682   66  289        704458.8       8531490.0     0.0
  683   67  289        711195.3       8523103.0     0.0
  684   68  289        717935.8       8514719.0     0.0
  685   69  289        724679.6       8506338.0     0.0
  686   70  289        731427.4       8497959.0     0.0
  687   71  289        738178.9       8489583.0     0.0
  688   72  289        744934.3       8481209.0     0.0
  689   18  290        394501.0       8944261.0     0.0
  690   19  290        401046.8       8935732.0     0.0
  691   20  290        407596.3       8927208.0     0.0
  692   21  290        414150.0       8918687.0     0.0
  693   22  290        420708.0       8910169.0     0.0
  694   23  290        427269.6       8901654.0     0.0
  695   24  290        433835.6       8893144.0     0.0
  696   25  290        440405.4       8884636.0     0.0
  697   26  290        446979.5       8876132.0     0.0
  698   27  290        453557.5       8867631.0     0.0
  699   28  290        460139.4       8859133.0    46.0
  700   29  290        466725.4       8850638.0    22.0
  701   30  290        473315.4       8842146.0    37.0
  702   31  290        479909.5       8833658.0   194.0
  703   32  290        486507.4       8825174.0   444.5
  704   33  290        493109.4       8816691.0   611.0
  705   34  290        499715.3       8808213.0   593.0
  706   35  290        506325.3       8799738.0   454.5
  707   36  290        512939.1       8791266.0   328.0
  708   37  290        519557.0       8782796.0   305.0
  709   38  290        526178.8       8774330.0   394.0
  710   39  290        532804.5       8765867.0   545.0
  711   40  290        539434.1       8757407.0   692.5
  712   41  290        546067.8       8748951.0   782.5
  713   42  290        552705.3       8740497.0   798.0
  714   43  290        559346.8       8732046.0   754.5
  715   44  290        565992.2       8723598.0   674.5
  716   45  290        572641.4       8715154.0   563.0
  717   46  290        579294.7       8706712.0   404.0
  718   47  290        585951.8       8698274.0   221.0
  719   48  290        592612.8       8689838.0    81.0
  720   49  290        599277.4       8681405.0     0.0
  721   50  290        605946.2       8672975.0     0.0
  722   51  290        612618.8       8664548.0     0.0
  723   52  290        619295.4       8656123.0     0.0
  724   53  290        625975.8       8647701.0     0.0
  725   54  290        632659.9       8639284.0     0.0
  726   55  290        639348.1       8630868.0     0.0
  727   56  290        646039.9       8622455.0   156.0
  728   57  290        652735.5       8614045.0   178.5
  729   58  290        659435.3       8605638.0    82.5
  730   59  290        666138.6       8597233.0     0.0
  731   60  290        672845.8       8588832.0     0.0
  732   61  290        679556.9       8580433.0     0.0
  733   62  290        686271.6       8572037.0     0.0
  734   63  290        692990.3       8563644.0     0.0
  735   64  290        699712.9       8555253.0     0.0
  736   65  290        706439.1       8546865.0     0.0
  737   66  290        713169.0       8538480.0     0.0
  738   67  290        719902.8       8530097.0     0.0
  739   68  290        726640.6       8521717.0     0.0
  740   69  290        733382.1       8513339.0     0.0
  741   70  290        740127.2       8504964.0     0.0
  742   71  290        746876.1       8496592.0     0.0
  743   16  291        390288.6       8968112.0     0.0
  744   17  291        396822.4       8959581.0     0.0
  745   18  291        403360.4       8951054.0     0.0
  746   19  291        409902.6       8942531.0     0.0
  747   20  291        416448.7       8934010.0     0.0
  748   21  291        422998.9       8925494.0     0.0
  749   22  291        429553.4       8916980.0     0.0
  750   23  291        436111.9       8908470.0     0.0
  751   24  291        442674.3       8899963.0     0.0
  752   25  291        449240.7       8891459.0     0.0
  753   26  291        455811.4       8882959.0     0.0
  754   27  291        462386.0       8874463.0     0.0
  755   28  291        468964.5       8865969.0     1.5
  756   29  291        475547.3       8857477.0     1.0
  757   30  291        482134.0       8848990.0    77.5
  758   31  291        488724.6       8840507.0   259.5
  759   32  291        495319.4       8832026.0   419.5
  760   33  291        501918.0       8823548.0   420.0
  761   34  291        508520.8       8815075.0   320.0
  762   35  291        515127.4       8806602.0   280.5
  763   36  291        521738.3       8798133.0   375.5
  764   37  291        528352.9       8789669.0   547.5
  765   38  291        534971.3       8781207.0   725.5
  766   39  291        541593.9       8772749.0   884.5
  767   40  291        548220.4       8764293.0  1002.0
  768   41  291        554850.9       8755840.0  1029.0
  769   42  291        561485.4       8747390.0   936.5
  770   43  291        568123.8       8738944.0   753.0
  771   44  291        574766.1       8730500.0   549.0
  772   45  291        581412.3       8722059.0   374.5
  773   46  291        588062.4       8713621.0   216.5
  774   47  291        594716.7       8705187.0    72.5
  775   48  291        601374.5       8696755.0     0.0
  776   49  291        608036.3       8688327.0     0.0
  777   50  291        614702.1       8679901.0     0.0
  778   51  291        621371.8       8671477.0     0.0
  779   52  291        628045.4       8663058.0     0.0
  780   53  291        634722.8       8654641.0     0.0
  781   54  291        641404.1       8646226.0     0.0
  782   55  291        648089.2       8637815.0   161.0
  783   56  291        654778.3       8629405.0   295.5
  784   57  291        661471.1       8621000.0   252.0
  785   58  291        668167.9       8612596.0    82.5
  786   59  291        674868.4       8604196.0     0.0
  787   60  291        681572.9       8595798.0    19.0
  788   61  291        688281.2       8587403.0    48.0
  789   62  291        694993.3       8579012.0     0.0
  790   63  291        701709.3       8570622.0     0.0
  791   64  291        708428.8       8562235.0     0.0
  792   65  291        715152.2       8553851.0     0.0
  793   66  291        721879.9       8545469.0     0.0
  794   67  291        728610.7       8537091.0     0.0
  795   68  291        735345.7       8528715.0     0.0
  796   69  291        742084.7       8520341.0     0.0
  797   70  291        748827.0       8511970.0     0.0
  798   15  292        392628.7       8983427.0     0.0
  799   16  292        399154.8       8974897.0     0.0
  800   17  292        405685.2       8966371.0     0.0
  801   18  292        412219.7       8957848.0     0.0
  802   19  292        418758.4       8949330.0     0.0
  803   20  292        425301.1       8940813.0     0.0
  804   21  292        431847.9       8932300.0     0.0
  805   22  292        438398.8       8923791.0     0.0
  806   23  292        444953.8       8915285.0     0.0
  807   24  292        451512.8       8906782.0     0.0
  808   25  292        458076.0       8898283.0     0.0
  809   26  292        464643.1       8889786.0     0.0
  810   27  292        471214.5       8881293.0     0.0
  811   28  292        477789.8       8872804.0     0.0
  812   29  292        484369.2       8864318.0     9.0
  813   30  292        490952.4       8855835.0    84.0
  814   31  292        497539.8       8847355.0   170.5
  815   32  292        504131.3       8838878.0   197.5
  816   33  292        510726.9       8830405.0   202.5
  817   34  292        517326.2       8821934.0   297.0
  818   35  292        523929.8       8813467.0   490.5
  819   36  292        530537.2       8805003.0   686.0
  820   37  292        537148.6       8796542.0   838.5
  821   38  292        543764.0       8788085.0   976.5
  822   39  292        550383.5       8779630.0  1080.0
  823   40  292        557007.0       8771179.0  1079.5
  824   41  292        563634.2       8762730.0   968.5
  825   42  292        570265.6       8754284.0   807.5
  826   43  292        576900.9       8745842.0   626.0
  827   44  292        583540.3       8737402.0   420.0
  828   45  292        590183.2       8728965.0   220.5
  829   46  292        596830.4       8720532.0    73.5
  830   47  292        603481.4       8712101.0     0.0
  831   48  292        610136.4       8703674.0     0.0
  832   49  292        616795.3       8695249.0     0.0
  833   50  292        623458.0       8686827.0     1.0
  834   51  292        630124.8       8678407.0    57.0
  835   52  292        636795.3       8669992.0    97.0
  836   53  292        643469.9       8661579.0   100.5
  837   54  292        650148.2       8653169.0   145.5
  838   55  292        656830.4       8644762.0   271.5
  839   56  292        663516.8       8636356.0   350.0
  840   57  292        670206.8       8627954.0   254.0
  841   58  292        676900.8       8619555.0    93.0
  842   59  292        683598.6       8611158.0    51.5
  843   60  292        690300.0       8602766.0    94.5
  844   61  292        697005.7       8594374.0    81.0
  845   62  292        703714.8       8585986.0     0.0
  846   63  292        710428.0       8577601.0     0.0
  847   64  292        717144.9       8569218.0     0.0
  848   65  292        723865.9       8560837.0     0.0
  849   66  292        730590.6       8552460.0     0.0
  850   67  292        737318.8       8544086.0     0.0
  851   68  292        744051.1       8535713.0     0.0
  852   69  292        750787.3       8527344.0     0.0
  853   15  293        401498.4       8990207.0     0.0
  854   16  293        408021.0       8981681.0     0.0
  855   17  293        414547.8       8973159.0     0.0
  856   18  293        421078.9       8964641.0     0.0
  857   19  293        427614.1       8956126.0     0.0
  858   20  293        434153.4       8947615.0     0.0
  859   21  293        440696.8       8939105.0     0.0
  860   22  293        447244.1       8930601.0     0.0
  861   23  293        453795.8       8922099.0     0.0
  862   24  293        460351.4       8913601.0     0.0
  863   25  293        466911.2       8905106.0     0.0
  864   26  293        473475.0       8896614.0     0.0
  865   27  293        480043.0       8888126.0     0.0
  866   28  293        486614.9       8879640.0     1.0
  867   29  293        493190.9       8871158.0     0.0
  868   30  293        499771.0       8862678.0     0.0
  869   31  293        506355.3       8854204.0    51.5
  870   32  293        512943.4       8845731.0   128.0
  871   33  293        519535.4       8837262.0   331.5
  872   34  293        526131.8       8828796.0   613.5
  873   35  293        532731.9       8820332.0   800.5
  874   36  293        539336.3       8811873.0   820.0
  875   37  293        545944.6       8803417.0   810.0
  876   38  293        552556.9       8794962.0   882.0
  877   39  293        559173.2       8786512.0   936.0
  878   40  293        565793.5       8778064.0   853.5
  879   41  293        572417.6       8769620.0   695.0
  880   42  293        579046.0       8761178.0   586.0
  881   43  293        585678.1       8752740.0   525.5
  882   44  293        592314.3       8744304.0   413.5
  883   45  293        598954.3       8735872.0   219.5
  884   46  293        605598.5       8727442.0    43.5
  885   47  293        612246.5       8719015.0     0.0
  886   48  293        618898.6       8710592.0    62.0
  887   49  293        625554.3       8702172.0   109.5
  888   50  293        632214.1       8693754.0   108.5
  889   51  293        638877.8       8685340.0   134.0
  890   52  293        645545.5       8676927.0   208.0
  891   53  293        652217.3       8668518.0   263.5
  892   54  293        658892.8       8660111.0   285.0
  893   55  293        665571.9       8651708.0   309.5
  894   56  293        672255.3       8643308.0   310.0
  895   57  293        678942.6       8634909.0   248.0
  896   58  293        685633.8       8626515.0   180.5
  897   59  293        692328.8       8618122.0   163.0
  898   60  293        699027.3       8609733.0   141.0
  899   61  293        705730.0       8601346.0     0.0
  900   62  293        712436.8       8592961.0     0.0
  901   63  293        719147.3       8584579.0     0.0
  902   64  293        725861.3       8576202.0     0.0
  903   65  293        732579.4       8567826.0     0.0
  904   66  293        739301.5       8559451.0     0.0
  905   67  293        746027.3       8551080.0     0.0
  906   16  294        416887.3       8988466.0     0.0
  907   17  294        423410.7       8979949.0     0.0
  908   18  294        429938.2       8971435.0     0.0
  909   19  294        436469.9       8962924.0     0.0
  910   20  294        443005.6       8954416.0     0.0
  911   21  294        449545.5       8945911.0     0.0
  912   22  294        456089.7       8937412.0     0.0
  913   23  294        462637.7       8928914.0     0.0
  914   24  294        469190.1       8920420.0     0.0
  915   25  294        475746.4       8911929.0     0.0
  916   26  294        482306.8       8903441.0     0.0
  917   27  294        488871.4       8894957.0     0.0
  918   28  294        495440.2       8886476.0     5.0
  919   29  294        502012.8       8877998.0     0.0
  920   30  294        508589.6       8869524.0     0.0
  921   31  294        515170.4       8861052.0    72.5
  922   32  294        521755.3       8852584.0   309.5
  923   33  294        528344.3       8844119.0   635.0
  924   34  294        534937.4       8835657.0   824.0
  925   35  294        541534.4       8827198.0   759.5
  926   36  294        548135.6       8818742.0   593.0
  927   37  294        554740.6       8810289.0   540.0
  928   38  294        561349.6       8801840.0   586.5
  929   39  294        567962.8       8793394.0   577.0
  930   40  294        574580.0       8784950.0   485.5
  931   41  294        581201.0       8776510.0   416.0
  932   42  294        587826.3       8768073.0   418.5
  933   43  294        594455.4       8759639.0   452.0
  934   44  294        601088.6       8751206.0   431.0
  935   45  294        607725.5       8742779.0   285.0
  936   46  294        614366.6       8734354.0    90.0
  937   47  294        621011.6       8725931.0    41.0
  938   48  294        627660.5       8717511.0   177.0
  939   49  294        634313.5       8709095.0   295.5
  940   50  294        640970.3       8700681.0   254.5
  941   51  294        647631.1       8692271.0   175.5
  942   52  294        654295.8       8683863.0   208.0
  943   53  294        660964.5       8675458.0   291.5
  944   54  294        667637.1       8667055.0   300.5
  945   55  294        674313.8       8658656.0   257.0
  946   56  294        680994.1       8650259.0   247.5
  947   57  294        687678.4       8641866.0   278.5
  948   58  294        694366.9       8633474.0   289.0
  949   59  294        701058.8       8625086.0   228.5
  950   60  294        707755.0       8616700.0   114.5
  951   61  294        714454.8       8608318.0     0.0
  952   62  294        721158.7       8599938.0     0.0
  953   63  294        727866.5       8591560.0     0.0
  954   64  294        734577.9       8583186.0     0.0
  955   65  294        741293.3       8574813.0     0.0
  956   66  294        748012.5       8566443.0     0.0
  957   16  295        425753.2       8995250.0     0.0
  958   17  295        432273.1       8986738.0     0.0
  959   18  295        438797.2       8978228.0     0.0
  960   19  295        445325.4       8969721.0     0.0
  961   20  295        451857.6       8961217.0     0.0
  962   21  295        458394.3       8952718.0     0.0
  963   22  295        464934.9       8944221.0     0.0
  964   23  295        471479.6       8935728.0     0.0
  965   24  295        478028.6       8927238.0     0.0
  966   25  295        484581.4       8918752.0     0.0
  967   26  295        491138.6       8910268.0     0.0
  968   27  295        497699.8       8901788.0     0.0
  969   28  295        504265.0       8893311.0     0.0
  970   29  295        510834.5       8884838.0     0.0
  971   30  295        517407.9       8876368.0    10.0
  972   31  295        523985.6       8867900.0   143.0
  973   32  295        530567.2       8859437.0   422.5
  974   33  295        537152.9       8850976.0   663.5
  975   34  295        543742.8       8842518.0   640.5
  976   35  295        550336.6       8834063.0   423.5
  977   36  295        556934.4       8825612.0   289.0
  978   37  295        563536.3       8817164.0   316.0
  979   38  295        570142.4       8808717.0   325.0
  980   39  295        576752.4       8800276.0   233.5
  981   40  295        583366.3       8791837.0   172.0
  982   41  295        589984.3       8783401.0   216.5
  983   42  295        596606.6       8774967.0   280.5
  984   43  295        603232.6       8766537.0   318.0
  985   44  295        609862.6       8758110.0   343.5
  986   45  295        616496.6       8749686.0   294.5
  987   46  295        623134.5       8741264.0   150.0
  988   47  295        629776.6       8732846.0    76.0
  989   48  295        636422.7       8724431.0   194.0
  990   49  295        643072.5       8716019.0   334.5
  991   50  295        649726.5       8707608.0   285.5
  992   51  295        656384.3       8699202.0   139.0
  993   52  295        663046.2       8690799.0   107.0
  994   53  295        669712.0       8682398.0   174.5
  995   54  295        676381.6       8674000.0   189.5
  996   55  295        683055.3       8665604.0   152.5
  997   56  295        689732.9       8657211.0   178.0
  998   57  295        696414.4       8648822.0   260.5
  999   58  295        703099.6       8640436.0   276.5
 1000   59  295        709789.3       8632050.0   175.5
 1001   60  295        716482.5       8623669.0    45.0
 1002   61  295        723179.6       8615290.0     0.0
 1003   62  295        729880.8       8606914.0     0.0
 1004   63  295        736585.7       8598541.0     0.0
 1005   64  295        743294.4       8590170.0     0.0
 1006   65  295        750006.9       8581803.0     0.0
 1007   17  296        441135.8       8993526.0     0.0
 1008   18  296        447656.2       8985020.0     0.0
 1009   19  296        454180.9       8976517.0     0.0
 1010   20  296        460709.9       8968020.0     0.0
 1011   21  296        467242.9       8959524.0     0.0
 1012   22  296        473780.3       8951031.0     0.0
 1013   23  296        480321.6       8942542.0     0.0
 1014   24  296        486867.0       8934057.0     0.0
 1015   25  296        493416.8       8925575.0     0.0
 1016   26  296        499970.5       8917097.0     0.0
 1017   27  296        506528.3       8908620.0     0.0
 1018   28  296        513090.4       8900148.0     0.0
 1019   29  296        519656.6       8891678.0     1.5
 1020   30  296        526226.7       8883212.0    18.0
 1021   31  296        532801.0       8874749.0   113.5
 1022   32  296        539379.4       8866289.0   277.5
 1023   33  296        545961.9       8857833.0   363.0
 1024   34  296        552548.5       8849379.0   267.5
 1025   35  296        559139.1       8840929.0   131.5
 1026   36  296        565733.9       8832481.0   129.0
 1027   37  296        572332.6       8824038.0   187.0
 1028   38  296        578935.4       8815596.0   140.5
 1029   39  296        585542.1       8807158.0    29.5
 1030   40  296        592153.0       8798724.0     8.0
 1031   41  296        598768.0       8790292.0    82.5
 1032   42  296        605386.9       8781863.0   135.5
 1033   43  296        612010.1       8773436.0   143.5
 1034   44  296        618636.8       8765014.0   175.5
 1035   45  296        625267.8       8756594.0   206.5
 1036   46  296        631902.9       8748176.0   152.0
 1037   47  296        638541.9       8739763.0    74.5
 1038   48  296        645185.0       8731350.0   103.5
 1039   49  296        651831.9       8722942.0   185.5
 1040   50  296        658482.8       8714538.0   163.0
 1041   51  296        665137.6       8706136.0    59.5
 1042   52  296        671796.8       8697735.0    19.0
 1043   53  296        678459.8       8689338.0    54.5
 1044   54  296        685126.3       8680945.0    68.5
 1045   55  296        691797.0       8672554.0    54.0
 1046   56  296        698472.0       8664165.0    81.5
 1047   57  296        705150.6       8655779.0   139.0
 1048   58  296        711833.2       8647396.0   136.5
 1049   59  296        718519.8       8639016.0    63.5
 1050   60  296        725210.3       8630638.0     0.0
 1051   61  296        731904.8       8622264.0     0.0
 1052   62  296        738603.1       8613892.0     0.0
 1053   63  296        745305.1       8605523.0     0.0
 1054   18  297        456515.4       8991813.0     0.0
 1055   19  297        463036.7       8983316.0     0.0
 1056   20  297        469562.1       8974820.0     0.0
 1057   21  297        476091.8       8966329.0     0.0
 1058   22  297        482625.6       8957842.0     0.0
 1059   23  297        489163.6       8949357.0     0.0
 1060   24  297        495705.7       8940875.0     0.0
 1061   25  297        502252.0       8932398.0     0.0
 1062   26  297        508802.3       8923923.0     0.0
 1063   27  297        515357.0       8915451.0     0.0
 1064   28  297        521915.6       8906983.0     0.0
 1065   29  297        528478.5       8898518.0     0.0
 1066   30  297        535045.4       8890057.0     0.0
 1067   31  297        541616.4       8881598.0    23.5
 1068   32  297        548191.6       8873142.0    64.5
 1069   33  297        554770.8       8864690.0    80.0
 1070   34  297        561354.2       8856241.0    46.0
 1071   35  297        567941.6       8847794.0     0.0
 1072   36  297        574533.0       8839352.0    59.0
 1073   37  297        581128.8       8830911.0    81.5
 1074   38  297        587728.4       8822475.0    38.5
 1075   39  297        594332.1       8814041.0    12.5
 1076   40  297        600939.9       8805609.0     6.0
 1077   41  297        607551.5       8797183.0     6.5
 1078   42  297        614167.6       8788758.0    30.5
 1079   43  297        620787.6       8780336.0    29.5
 1080   44  297        627411.5       8771917.0     0.0
 1081   45  297        634039.2       8763502.0    73.5
 1082   46  297        640671.4       8755088.0    77.0
 1083   47  297        647307.4       8746679.0     0.0
 1084   48  297        653947.4       8738271.0     0.0
 1085   49  297        660591.4       8729867.0    19.5
 1086   50  297        667239.4       8721466.0     0.0
 1087   51  297        673891.4       8713068.0     0.0
 1088   52  297        680547.5       8704672.0     0.0
 1089   53  297        687207.4       8696280.0     8.0
 1090   54  297        693871.3       8687890.0    10.5
 1091   55  297        700539.3       8679503.0     0.0
 1092   56  297        707211.1       8671118.0     0.0
 1093   57  297        713887.0       8662736.0    13.0
 1094   58  297        720566.6       8654359.0    10.0
 1095   59  297        727250.7       8645981.0     0.0
 1096   60  297        733938.4       8637608.0     0.0
 1097   61  297        740629.8       8629238.0     0.0
 1098   62  297        747325.5       8620869.0     0.0
 1099   19  298        471892.3       8990113.0     0.0
 1100   20  298        478414.4       8981622.0     0.0
 1101   21  298        484940.6       8973135.0     0.0
 1102   22  298        491471.1       8964652.0     0.0
 1103   23  298        498005.5       8956172.0     0.0
 1104   24  298        504544.3       8947694.0     0.0
 1105   25  298        511087.2       8939221.0     0.0
 1106   26  298        517634.3       8930751.0     0.0
 1107   27  298        524185.6       8922284.0     0.0
 1108   28  298        530740.9       8913820.0     0.0
 1109   29  298        537300.4       8905359.0     0.0
 1110   30  298        543864.1       8896901.0     0.0
 1111   31  298        550431.9       8888447.0     0.0
 1112   32  298        557003.9       8879996.0     1.5
 1113   33  298        563579.9       8871548.0    50.0
 1114   34  298        570159.9       8863102.0    89.0
 1115   35  298        576744.3       8854660.0    68.5
 1116   36  298        583332.6       8846222.0     0.0
 1117   37  298        589925.0       8837786.0    27.0
 1118   38  298        596521.4       8829353.0    52.5
 1119   39  298        603122.1       8820924.0    51.5
 1120   40  298        609726.6       8812498.0    19.0
 1121   41  298        616335.5       8804074.0     0.0
 1122   42  298        622948.3       8795654.0     0.0
 1123   43  298        629565.2       8787237.0     2.5
 1124   44  298        636186.1       8778821.0     0.0
 1125   45  298        642810.9       8770410.0     0.0
 1126   46  298        649439.9       8762001.0     0.0
 1127   47  298        656072.9       8753595.0     0.0
 1128   48  298        662709.9       8745193.0     0.0
 1129   49  298        669350.9       8736793.0     0.0
 1130   50  298        675995.9       8728396.0     0.0
 1131   51  298        682645.3       8720001.0     0.0
 1132   52  298        689298.4       8711609.0     0.0
 1133   53  298        695955.4       8703221.0     0.0
 1134   54  298        702616.6       8694835.0     0.0
 1135   55  298        709281.5       8686453.0     0.0
 1136   56  298        715950.6       8678073.0     0.0
 1137   57  298        722623.6       8669695.0     0.0
 1138   58  298        729300.3       8661321.0     0.0
 1139   59  298        735981.4       8652949.0     0.0
 1140   60  298        742666.3       8644580.0     0.0
 1141   61  298        749355.1       8636213.0     0.0
 1142   20  299        487266.5       8988424.0     0.0
 1143   21  299        493789.3       8979940.0     0.0
 1144   22  299        500316.5       8971462.0     0.0
 1145   23  299        506847.6       8962986.0     0.0
 1146   24  299        513383.0       8954514.0     0.0
 1147   25  299        519922.5       8946044.0     0.0
 1148   26  299        526466.2       8937579.0     0.0
 1149   27  299        533014.3       8929115.0     0.0
 1150   28  299        539566.2       8920656.0     0.0
 1151   29  299        546122.6       8912200.0     0.0
 1152   30  299        552682.8       8903745.0     4.0
 1153   31  299        559247.4       8895297.0    32.0
 1154   32  299        565816.2       8886849.0    40.0
 1155   33  299        572388.8       8878406.0   176.5
 1156   34  299        578965.8       8869965.0   277.5
 1157   35  299        585546.8       8861528.0   205.0
 1158   36  299        592132.0       8853092.0    56.5
 1159   37  299        598721.3       8844662.0    32.5
 1160   38  299        605314.8       8836232.0   126.5
 1161   39  299        611912.2       8827807.0   174.5
 1162   40  299        618513.7       8819385.0   116.0
 1163   41  299        625119.4       8810966.0    31.0
 1164   42  299        631728.9       8802551.0     0.0
 1165   43  299        638342.9       8794136.0     0.0
 1166   44  299        644960.7       8785727.0     0.0
 1167   45  299        651582.6       8777318.0     0.0
 1168   46  299        658208.5       8768914.0     0.0
 1169   47  299        664838.6       8760513.0     0.0
 1170   48  299        671472.6       8752114.0     0.0
 1171   49  299        678110.8       8743718.0     0.0
 1172   50  299        684752.9       8735325.0     0.0
 1173   51  299        691399.0       8726935.0     0.0
 1174   52  299        698049.3       8718549.0     0.0
 1175   53  299        704703.3       8710164.0     0.0
 1176   54  299        711361.6       8701783.0     0.0
 1177   55  299        718023.9       8693404.0     0.0
 1178   56  299        724690.0       8685028.0     0.0
 1179   57  299        731360.3       8676654.0     0.0
 1180   58  299        738034.5       8668284.0     0.0
 1181   59  299        744712.6       8659916.0     0.0
 1182   60  299        751394.8       8651551.0     0.0
 1183   20  300        496118.6       8995225.0     0.0
 1184   21  300        502637.9       8986747.0     0.0
 1185   22  300        509161.7       8978272.0     0.0
 1186   23  300        515689.4       8969801.0     0.0
 1187   24  300        522221.5       8961333.0     0.0
 1188   25  300        528757.7       8952867.0     0.0
 1189   26  300        535298.1       8944406.0     0.0
 1190   27  300        541842.8       8935947.0     0.0
 1191   28  300        548391.4       8927492.0     0.0
 1192   29  300        554944.5       8919039.0     6.5
 1193   30  300        561501.4       8910591.0     8.0
 1194   31  300        568062.8       8902146.0     9.0
 1195   32  300        574628.4       8893703.0    86.5
 1196   33  300        581197.8       8885263.0   289.5
 1197   34  300        587771.7       8876826.0   455.5
 1198   35  300        594349.4       8868393.0   374.5
 1199   36  300        600931.4       8859964.0   138.0
 1200   37  300        607517.4       8851537.0    41.0
 1201   38  300        614107.7       8843113.0   159.0
 1202   39  300        620702.1       8834692.0   282.5
 1203   40  300        627300.6       8826273.0   240.0
 1204   41  300        633903.3       8817858.0    92.5
 1205   42  300        640509.9       8809445.0     0.0
 1206   43  300        647120.6       8801037.0     0.0
 1207   44  300        653735.5       8792630.0     0.0
 1208   45  300        660354.1       8784228.0     0.0
 1209   46  300        666977.3       8775827.0     0.0
 1210   47  300        673604.2       8767431.0     0.0
 1211   48  300        680235.3       8759037.0     0.0
 1212   49  300        686870.6       8750644.0     0.0
 1213   50  300        693509.8       8742256.0     0.0
 1214   51  300        700153.0       8733870.0     0.0
 1215   52  300        706800.1       8725488.0     0.0
 1216   53  300        713451.5       8717107.0     0.0
 1217   54  300        720106.8       8708730.0     0.0
 1218   55  300        726766.1       8700355.0     0.0
 1219   56  300        733429.6       8691983.0     0.0
 1220   57  300        740097.1       8683614.0     0.0
 1221   58  300        746768.4       8675248.0     0.0
 1222   21  301        511486.9       8993552.0     0.0
 1223   22  301        518007.1       8985082.0     0.0
 1224   23  301        524531.5       8976615.0     0.0
 1225   24  301        531060.2       8968151.0     0.0
 1226   25  301        537592.9       8959692.0     0.0
 1227   26  301        544130.1       8951233.0     0.0
 1228   27  301        550671.5       8942779.0     0.0
 1229   28  301        557216.8       8934329.0     0.0
 1230   29  301        563766.6       8925881.0     9.0
 1231   30  301        570320.4       8917436.0    17.0
 1232   31  301        576878.5       8908995.0    40.0
 1233   32  301        583440.6       8900557.0   143.0
 1234   33  301        590007.0       8892122.0   363.0
 1235   34  301        596577.6       8883689.0   563.0
 1236   35  301        603152.2       8875262.0   524.5
 1237   36  301        609731.3       8866834.0   258.5
 1238   37  301        616314.1       8858412.0    62.0
 1239   38  301        622901.2       8849992.0   140.5
 1240   39  301        629492.5       8841575.0   331.5
 1241   40  301        636087.8       8833162.0   349.0
 1242   41  301        642687.1       8824752.0   170.5
 1243   42  301        649290.8       8816344.0     3.5
 1244   43  301        655898.6       8807938.0     0.0
 1245   44  301        662510.4       8799536.0     0.0
 1246   45  301        669126.0       8791138.0     0.0
 1247   46  301        675746.2       8782742.0     0.0
 1248   47  301        682370.3       8774349.0     0.0
 1249   48  301        688998.2       8765959.0     0.0
 1250   49  301        695630.4       8757572.0     0.0
 1251   50  301        702266.7       8749187.0     0.0
 1252   51  301        708907.0       8740806.0     0.0
 1253   52  301        715551.3       8732427.0     0.0
 1254   53  301        722200.0       8724051.0     0.0
 1255   54  301        728852.3       8715678.0     0.0
 1256   55  301        735508.8       8707307.0     0.0
 1257   56  301        742169.6       8698939.0     0.0
 1258   57  301        748833.9       8690575.0     0.0
 1259   22  302        526852.5       8991892.0     0.0
 1260   23  302        533373.7       8983429.0     0.0
 1261   24  302        539899.0       8974970.0     0.0
 1262   25  302        546428.4       8966514.0     0.0
 1263   26  302        552962.3       8958061.0     0.0
 1264   27  302        559500.3       8949611.0     0.0
 1265   28  302        566042.4       8941166.0     0.0
 1266   29  302        572588.8       8932722.0     0.0
 1267   30  302        579139.4       8924281.0    45.0
 1268   31  302        585694.3       8915845.0    99.0
 1269   32  302        592253.3       8907411.0   213.0
 1270   33  302        598816.2       8898981.0   394.0
 1271   34  302        605383.8       8890552.0   570.5
 1272   35  302        611955.3       8882128.0   588.5
 1273   36  302        618530.9       8873706.0   384.5
 1274   37  302        625110.6       8865289.0   143.5
 1275   38  302        631694.7       8856873.0   129.0
 1276   39  302        638282.7       8848460.0   314.0
 1277   40  302        644875.2       8840050.0   409.0
 1278   41  302        651471.4       8831644.0   280.5
 1279   42  302        658072.1       8823241.0    93.0
 1280   43  302        664676.6       8814841.0    13.0
 1281   44  302        671285.4       8806443.0    14.0
 1282   45  302        677898.1       8798048.0     0.0
 1283   46  302        684515.2       8789657.0     0.0
 1284   47  302        691136.3       8781268.0     0.0
 1285   48  302        697761.5       8772882.0     0.0
 1286   49  302        704390.8       8764499.0     0.0
 1287   50  302        711023.9       8756119.0     0.0
 1288   51  302        717661.3       8747742.0     0.0
 1289   52  302        724303.1       8739366.0     0.0
 1290   53  302        730948.4       8730995.0     0.0
 1291   54  302        737598.1       8722626.0     0.0
 1292   55  302        744251.8       8714260.0     0.0
 1293   56  302        750909.4       8705897.0     0.0
 1294   23  303        542215.8       8990244.0     0.0
 1295   24  303        548737.8       8981790.0     0.0
 1296   25  303        555263.9       8973338.0     0.0
 1297   26  303        561794.4       8964889.0     0.0
 1298   27  303        568329.1       8956444.0     0.0
 1299   28  303        574868.0       8948002.0     0.0
 1300   29  303        581411.1       8939563.0    26.0
 1301   30  303        587958.4       8931128.0    64.5
 1302   31  303        594509.9       8922695.0   121.0
 1303   32  303        601065.8       8914265.0   202.5
 1304   33  303        607625.8       8905839.0   310.0
 1305   34  303        614189.8       8897416.0   429.0
 1306   35  303        620758.1       8888996.0   491.0
 1307   36  303        627330.8       8880578.0   410.5
 1308   37  303        633907.5       8872164.0   236.0
 1309   38  303        640488.3       8863753.0   164.0
 1310   39  303        647073.3       8855345.0   280.5
 1311   40  303        653662.4       8846941.0   425.0
 1312   41  303        660255.9       8838538.0   413.0
 1313   42  303        666853.3       8830139.0   267.0
 1314   43  303        673454.9       8821743.0   125.5
 1315   44  303        680060.7       8813350.0    48.0
 1316   45  303        686670.4       8804959.0    11.5
 1317   46  303        693284.7       8796571.0     0.0
 1318   47  303        699902.5       8788188.0     0.0
 1319   48  303        706524.8       8779806.0     0.0
 1320   49  303        713151.2       8771426.0     0.0
 1321   50  303        719781.4       8763051.0     0.0
 1322   51  303        726415.9       8754679.0     0.0
 1323   52  303        733054.5       8746308.0     0.0
 1324   53  303        739697.3       8737941.0     0.0
 1325   54  303        746344.0       8729576.0     0.0
 1326   24  304        557576.7       8988610.0     0.0
 1327   25  304        564099.5       8980162.0     0.0
 1328   26  304        570626.6       8971718.0     0.0
 1329   27  304        577158.1       8963278.0     0.0
 1330   28  304        583693.6       8954840.0     3.5
 1331   29  304        590233.4       8946405.0    22.0
 1332   30  304        596777.6       8937974.0    46.0
 1333   31  304        603325.9       8929545.0    65.5
 1334   32  304        609878.6       8921120.0    86.5
 1335   33  304        616435.2       8912699.0   128.0
 1336   34  304        622996.2       8904280.0   199.0
 1337   35  304        629561.3       8895864.0   272.5
 1338   36  304        636130.8       8887451.0   300.5
 1339   37  304        642704.4       8879041.0   271.5
 1340   38  304        649281.9       8870635.0   251.5
 1341   39  304        655864.0       8862230.0   318.0
 1342   40  304        662449.9       8853830.0   451.0
 1343   41  304        669040.1       8845433.0   521.5
 1344   42  304        675634.9       8837037.0   439.0
 1345   43  304        682233.2       8828646.0   258.0
 1346   44  304        688835.9       8820257.0    92.5
 1347   45  304        695442.8       8811871.0     8.0
 1348   46  304        702053.8       8803488.0     0.0
 1349   47  304        708668.9       8795108.0     0.0
 1350   48  304        715288.3       8786730.0     0.0
 1351   49  304        721911.5       8778356.0     0.0
 1352   50  304        728539.1       8769984.0     0.0
 1353   51  304        735170.7       8761615.0     0.0
 1354   52  304        741806.5       8753249.0     0.0
 1355   53  304        748446.1       8744887.0     0.0
 1356   24  305        566415.4       8995428.0     0.0
 1357   25  305        572934.9       8986986.0     0.0
 1358   26  305        579458.8       8978547.0     0.0
 1359   27  305        585986.8       8970111.0     0.0
 1360   28  305        592519.1       8961677.0     0.0
 1361   29  305        599055.8       8953248.0    13.0
 1362   30  305        605596.7       8944820.0     0.0
 1363   31  305        612141.8       8936396.0     0.0
 1364   32  305        618691.2       8927975.0     1.0
 1365   33  305        625244.6       8919559.0     7.5
 1366   34  305        631802.6       8911144.0    51.5
 1367   35  305        638364.4       8902733.0   107.0
 1368   36  305        644930.6       8894323.0   183.5
 1369   37  305        651501.2       8885918.0   281.5
 1370   38  305        658075.7       8877516.0   374.5
 1371   39  305        664654.6       8869116.0   452.0
 1372   40  305        671237.5       8860720.0   530.5
 1373   41  305        677824.6       8852328.0   577.5
 1374   42  305        684416.1       8843937.0   514.0
 1375   43  305        691011.6       8835549.0   333.0
 1376   44  305        697611.4       8827164.0   131.5
 1377   45  305        704215.1       8818783.0     0.0
 1378   46  305        710823.1       8810405.0     0.0
 1379   47  305        717435.4       8802028.0     0.0
 1380   48  305        724051.8       8793655.0     0.0
 1381   49  305        730672.1       8785286.0     0.0
 1382   50  305        737296.8       8776918.0     0.0
 1383   51  305        743925.4       8768554.0     7.5
 1384   52  305        750558.1       8760192.0     9.0
 1385   25  306        581770.6       8993811.0     0.0
 1386   26  306        588291.3       8985375.0     0.0
 1387   27  306        594816.0       8976943.0     2.5
 1388   28  306        601345.0       8968514.0    10.0
 1389   29  306        607878.4       8960089.0    10.0
 1390   30  306        614416.0       8951667.0     0.0
 1391   31  306        620957.9       8943247.0     0.0
 1392   32  306        627503.9       8934831.0     0.0
 1393   33  306        634054.3       8926418.0    21.5
 1394   34  306        640608.9       8918008.0    46.5
 1395   35  306        647167.8       8909600.0    73.5
 1396   36  306        653730.9       8901197.0   160.0
 1397   37  306        660298.3       8892796.0   321.5
 1398   38  306        666869.6       8884398.0   491.0
 1399   39  306        673445.5       8876004.0   599.5
 1400   40  306        680025.4       8867611.0   630.5
 1401   41  306        686609.5       8859222.0   590.0
 1402   42  306        693197.9       8850836.0   476.5
 1403   43  306        699790.4       8842453.0   307.5
 1404   44  306        706387.1       8834073.0   134.5
 1405   45  306        712987.9       8825696.0    21.5
 1406   46  306        719592.8       8817322.0     0.0
 1407   47  306        726202.3       8808950.0     0.0
 1408   48  306        732815.5       8800581.0     0.0
 1409   49  306        739432.9       8792216.0     0.0
 1410   50  306        746054.9       8783852.0     0.0
 1411   26  307        597123.6       8992205.0     0.0
 1412   27  307        603645.1       8983777.0     0.0
 1413   28  307        610170.9       8975353.0     0.0
 1414   29  307        616701.1       8966932.0     7.5
 1415   30  307        623235.5       8958514.0     0.0
 1416   31  307        629774.1       8950099.0     0.0
 1417   32  307        636317.1       8941687.0    31.0
 1418   33  307        642864.3       8933278.0    70.0
 1419   34  307        649415.8       8924872.0    72.5
 1420   35  307        655971.4       8916470.0    79.0
 1421   36  307        662531.3       8908071.0   176.5
 1422   37  307        669095.5       8899674.0   363.0
 1423   38  307        675663.7       8891281.0   550.5
 1424   39  307        682236.4       8882890.0   665.5
 1425   40  307        688813.4       8874503.0   674.0
 1426   41  307        695394.4       8866118.0   560.5
 1427   42  307        701979.8       8857736.0   373.0
 1428   43  307        708569.2       8849358.0   197.5
 1429   44  307        715162.8       8840983.0    81.0
 1430   45  307        721760.8       8832609.0    17.0
 1431   46  307        728362.8       8824239.0     0.0
 1432   47  307        734968.8       8815873.0     0.0
 1433   48  307        741579.5       8807507.0     0.0
 1434   49  307        748194.1       8799147.0     0.0
 1435   27  308        612474.3       8990611.0     0.0
 1436   28  308        618996.9       8982191.0     0.0
 1437   29  308        625523.8       8973775.0     0.0
 1438   30  308        632054.8       8965361.0     0.0
 1439   31  308        638590.4       8956951.0     0.0
 1440   32  308        645130.1       8948543.0    36.0
 1441   33  308        651674.0       8940139.0    59.0
 1442   34  308        658222.4       8931738.0    45.0
 1443   35  308        664774.9       8923341.0    48.0
 1444   36  308        671331.8       8914945.0   156.0
 1445   37  308        677892.8       8906553.0   351.0
 1446   38  308        684458.1       8898164.0   535.0
 1447   39  308        691027.6       8889779.0   643.5
 1448   40  308        697601.5       8881395.0   635.5
 1449   41  308        704179.5       8873014.0   483.0
 1450   42  308        710761.8       8864637.0   250.5
 1451   43  308        717348.3       8856263.0    72.5
 1452   44  308        723938.9       8847892.0     7.5
 1453   45  308        730533.8       8839523.0     0.0
 1454   46  308        737132.8       8831158.0     0.0
 1455   47  308        743736.3       8822795.0     0.0
 1456   48  308        750343.6       8814436.0     0.0
 1457   28  309        627823.0       8989030.0     0.0
 1458   29  309        634346.7       8980618.0     0.0
 1459   30  309        640874.6       8972208.0     0.0
 1460   31  309        647406.9       8963803.0     0.0
 1461   32  309        653943.4       8955401.0     0.0
 1462   33  309        660484.3       8947001.0    15.5
 1463   34  309        667029.4       8938603.0     3.5
 1464   35  309        673578.5       8930211.0    10.0
 1465   36  309        680132.3       8921820.0    97.0
 1466   37  309        686690.4       8913432.0   270.0
 1467   38  309        693252.6       8905048.0   461.0
 1468   39  309        699819.0       8896666.0   577.5
 1469   40  309        706389.8       8888287.0   550.5
 1470   41  309        712964.8       8879912.0   370.5
 1471   42  309        719543.9       8871539.0   140.5
 1472   43  309        726127.5       8863169.0     0.0
 1473   44  309        732714.9       8854803.0     0.0
 1474   45  309        739307.2       8846438.0     0.0
 1475   46  309        745903.0       8838077.0     0.0
 1476   28  310        636649.2       8995869.0     0.0
 1477   29  310        643169.4       8987462.0     0.0
 1478   30  310        649694.0       8979058.0     0.0
 1479   31  310        656223.3       8970656.0     0.0
 1480   32  310        662756.8       8962257.0     0.0
 1481   33  310        669294.3       8953862.0     1.0
 1482   34  310        675836.2       8945470.0     1.5
 1483   35  310        682382.3       8937082.0     9.0
 1484   36  310        688932.9       8928695.0    32.0
 1485   37  310        695487.9       8920312.0   152.0
 1486   38  310        702046.9       8911932.0   335.5
 1487   39  310        708610.4       8903555.0   465.0
 1488   40  310        715177.8       8895181.0   426.5
 1489   41  310        721749.8       8886810.0   244.0
 1490   42  310        728326.1       8878441.0    59.5
 1491   43  310        734906.5       8870077.0     0.0
 1492   44  310        741491.3       8861714.0     0.0
 1493   45  310        748080.2       8853354.0     0.0
 1494   29  311        651992.6       8994306.0     0.0
 1495   30  311        658514.1       8985906.0     0.0
 1496   31  311        665040.1       8977509.0     0.0
 1497   32  311        671570.0       8969117.0     0.0
 1498   33  311        678104.6       8960725.0     0.0
 1499   34  311        684643.5       8952337.0     0.0
 1500   35  311        691186.5       8943953.0     0.0
 1501   36  311        697733.9       8935571.0     0.0
 1502   37  311        704285.6       8927193.0    48.0
 1503   38  311        710841.6       8918817.0   178.0
 1504   39  311        717401.9       8910445.0   281.5
 1505   40  311        723966.7       8902074.0   251.5
 1506   41  311        730535.3       8893708.0   120.0
 1507   42  311        737108.9       8885344.0     0.0
 1508   43  311        743686.2       8876983.0     0.0
 1509   44  311        750267.8       8868625.0     0.0
 1510   30  312        667334.0       8992756.0     0.0
 1511   31  312        673856.8       8984363.0     0.0
 1512   32  312        680383.7       8975974.0     0.0
 1513   33  312        686914.9       8967588.0     0.0
 1514   34  312        693450.7       8959205.0     0.0
 1515   35  312        699990.7       8950825.0     1.0
 1516   36  312        706535.0       8942448.0     0.0
 1517   37  312        713083.8       8934073.0     0.0
 1518   38  312        719636.7       8925703.0    48.0
 1519   39  312        726193.9       8917335.0    90.5
 1520   40  312        732755.4       8908969.0    77.5
 1521   41  312        739321.2       8900607.0     0.0
 1522   42  312        745891.4       8892248.0     0.0
 1523   31  313        682673.6       8991218.0     0.0
 1524   32  313        689197.5       8982833.0     0.0
 1525   33  313        695725.6       8974451.0     0.0
 1526   34  313        702258.1       8966074.0     0.0
 1527   35  313        708794.9       8957698.0     0.0
 1528   36  313        715336.3       8949325.0     0.0
 1529   37  313        721881.8       8940956.0     0.0
 1530   38  313        728431.5       8932589.0     0.0
 1531   39  313        734985.9       8924225.0     0.0
 1532   40  313        741544.4       8915865.0     0.0
 1533   41  313        748107.0       8907508.0     0.0
 1534   32  314        698011.5       8989693.0     0.0
 1535   33  314        704536.4       8981316.0     0.0
 1536   34  314        711065.9       8972942.0     0.0
 1537   35  314        717599.6       8964571.0     0.0
 1538   36  314        724137.8       8956203.0     0.0
 1539   37  314        730680.1       8947838.0     0.0
 1540   38  314        737226.8       8939477.0     0.0
 1541   39  314        743778.3       8931117.0     1.5
 1542   40  314        750333.7       8922760.0     0.0
 1543   33  315        713347.2       8988181.0     0.0
 1544   34  315        719873.3       8979812.0     0.0
 1545   35  315        726404.0       8971446.0     0.0
 1546   36  315        732939.2       8963082.0     0.0
 1547   37  315        739478.4       8954722.0     0.0
 1548   38  315        746022.3       8946363.0     0.0
 1549   33  316        722158.2       8995047.0     0.0
 1550   34  316        728681.5       8986681.0     0.0
 1551   35  316        735208.8       8978321.0     0.0
 1552   36  316        741740.9       8969961.0     0.0
 1553   37  316        748277.0       8961606.0     0.0
 1554   34  317        737489.7       8993552.0     0.0
 1555   35  317        744013.9       8985196.0     0.0
 1556   36  317        750542.8       8976841.0     0.0
