      13
       1
  2011     4     1
       3
       2       165572.      1926459.     227.120
       4       182242.      1976856.     196.420
       5       178689.      2006712.     195.123
       1
  2012     4     1
       4
       2       165572.      1926459.     233.950
       4       182242.      1976856.     222.407
       5       178689.      2006712.     247.823
       7       165548.      1926434.     243.950
       1
  2013     4     1
       3
       2       165572.      1926459.     182.170
       4       182242.      1976856.     197.567
       5       178689.      2006712.     192.356
       1
  2014     4     1
       4
       2       165572.      1926459.     250.660
       4       182242.      1976856.     207.396
       5       178689.      2006712.     212.991
       7       165548.      1926434.     243.759
       1
  2015     4     1
       4
       2       165572.      1926459.     218.280
       4       182242.      1976856.     226.790
       5       178689.      2006712.     216.560
       7       165548.      1926434.     254.060
       1
  2016     4     1
       3
       2       165572.      1926459.     233.950
       4       182242.      1976856.     201.951
       5       178689.      2006712.     199.754
       1
  2017     4     1
       3
       2       165572.      1926459.     223.180
       4       182242.      1976856.     211.065
       5       178689.      2006712.     200.520
       1
  2018     4     1
       8
       2       165572.      1926459.     239.780
       4       182242.      1976856.     248.215
       5       178689.      2006712.     225.068
      19       167580.      1945464.     228.330
      20       166466.      1926598.     227.590
      21       208202.      2007772.     218.520
      22       208474.      1933642.     282.110
      23       200888.      1954070.     271.540
       1
  2019     4     1
       8
       2       165572.      1926459.     261.350
       4       182242.      1976856.     214.863
       5       178689.      2006712.     240.476
      19       167580.      1945464.     244.200
      21       208202.      2007772.     243.520
      22       208474.      1933642.     242.710
      23       200888.      1954070.     230.140
      24       166906.      1934131.     277.950
       1
  2020     4     1
       1
       2       165572.      1926459.     216.170
       1
  2021     4     1
       3
       2       165572.      1926459.     150.150
       4       182242.      1976856.     238.130
       5       178689.      2006712.     248.480
       1
  2022     4     1
       3
       2       165572.      1926459.     237.240
       4       182242.      1976856.     191.672
       5       178689.      2006712.     206.883
       1
  2023     4     1
       3
       2       165572.      1926459.     194.440
       4       182242.      1976856.     173.231
       7       165548.      1926434.     170.220
