       1
    2011       4       1   -9999.000       0.660   -9999.000       0.514       0.523   -9999.000   -9999.000       0.533       1.397   -9999.000       0.584   -9999.000       0.584   -9999.000       0.584   -9999.000   -9999.000   -9999.000   -9999.000   -9999.000   -9999.000   -9999.000   -9999.000   -9999.000
       1
    2012       4       1   -9999.000       0.760   -9999.000       0.659       0.561   -9999.000       0.760       1.118       1.219   -9999.000       0.725   -9999.000       0.725   -9999.000       0.719   -9999.000   -9999.000   -9999.000   -9999.000   -9999.000   -9999.000   -9999.000   -9999.000   -9999.000
       1
    2013       4       1   -9999.000       0.460   -9999.000       0.358       0.328   -9999.000   -9999.000       0.864       0.610   -9999.000       0.449   -9999.000       0.449   -9999.000       0.449   -9999.000   -9999.000   -9999.000   -9999.000   -9999.000   -9999.000   -9999.000   -9999.000   -9999.000
       1
    2014       4       1   -9999.000       0.760   -9999.000       0.520       0.581   -9999.000       0.740       0.940   -9999.000   -9999.000       0.655   -9999.000       0.655   -9999.000       0.660   -9999.000   -9999.000   -9999.000   -9999.000   -9999.000   -9999.000   -9999.000   -9999.000   -9999.000
       1
    2015       4       1   -9999.000       0.640   -9999.000       0.560       0.610   -9999.000       0.690       0.965   -9999.000   -9999.000   -9999.000   -9999.000   -9999.000   -9999.000   -9999.000   -9999.000   -9999.000   -9999.000   -9999.000   -9999.000   -9999.000   -9999.000   -9999.000   -9999.000
       1
    2016       4       1   -9999.000       0.760   -9999.000       0.525       0.594   -9999.000   -9999.000       1.346   -9999.000   -9999.000       0.660   -9999.000       0.660   -9999.000       0.660   -9999.000   -9999.000   -9999.000   -9999.000   -9999.000   -9999.000   -9999.000   -9999.000   -9999.000
       1
    2017       4       1   -9999.000       0.660   -9999.000       0.482       0.532   -9999.000   -9999.000       1.270   -9999.000   -9999.000   -9999.000   -9999.000   -9999.000   -9999.000   -9999.000   -9999.000   -9999.000   -9999.000   -9999.000   -9999.000   -9999.000   -9999.000   -9999.000   -9999.000
       1
    2018       4       1   -9999.000       0.890   -9999.000       0.579       0.605   -9999.000   -9999.000       1.346   -9999.000   -9999.000   -9999.000   -9999.000   -9999.000   -9999.000   -9999.000   -9999.000   -9999.000   -9999.000       0.780       0.920       0.597       0.949       0.597   -9999.000
       1
    2019       4       1   -9999.000       1.040   -9999.000       0.601       0.749   -9999.000   -9999.000       1.245   -9999.000   -9999.000       1.041   -9999.000       1.041   -9999.000       1.041   -9999.000   -9999.000   -9999.000       0.896   -9999.000       0.831       1.078       0.828       1.109
       1
    2020       4       1   -9999.000       0.940   -9999.000   -9999.000   -9999.000   -9999.000   -9999.000       0.991   -9999.000   -9999.000       0.686   -9999.000       0.686   -9999.000       0.686   -9999.000   -9999.000   -9999.000   -9999.000   -9999.000   -9999.000   -9999.000   -9999.000   -9999.000
       1
    2021       4       1   -9999.000       0.660   -9999.000       0.480       0.460   -9999.000   -9999.000       1.041   -9999.000   -9999.000       0.457   -9999.000       0.457   -9999.000       0.457   -9999.000   -9999.000   -9999.000   -9999.000   -9999.000   -9999.000   -9999.000   -9999.000   -9999.000
       1
    2022       4       1   -9999.000       0.760   -9999.000       0.598       0.599   -9999.000   -9999.000       0.991   -9999.000   -9999.000       0.711   -9999.000       0.711   -9999.000   -9999.000   -9999.000   -9999.000   -9999.000   -9999.000   -9999.000   -9999.000   -9999.000   -9999.000   -9999.000
       1
    2023       4       1   -9999.000       0.810   -9999.000       0.529   -9999.000   -9999.000       0.910       1.041   -9999.000   -9999.000       0.851   -9999.000       0.851   -9999.000   -9999.000   -9999.000   -9999.000   -9999.000   -9999.000   -9999.000   -9999.000   -9999.000   -9999.000   -9999.000
