   1.000   0.524   1.908   1.000   1.908   -47.579   0
   1.000   1.150   0.869   1.908   0.869    15.023   0
   1.000   0.973   1.027   0.869   1.027    -2.666   0
   1.000   1.006   0.994   1.027   0.994     0.554   1
   1.000   0.999   1.001   0.994   1.001    -0.108   1
   1.000   1.000   1.000   1.001   1.000     0.010   1
   1.000   1.000   1.000   1.000   1.000     0.011   1
   1.000   1.000   1.000   1.000   1.000    -0.002   1
   1.000   1.000   1.000   1.000   1.000     0.000   1
   1.000   1.000   1.000   1.000   1.000    -0.001   1
   1.000   1.000   1.000   1.000   1.000    -0.003   1
   1.000   1.000   1.000   1.000   1.000     0.010   1
   1.000   1.000   1.000   1.000   1.000    -0.013   1
   1.000   1.000   1.000   1.000   1.000     0.009   1
   1.000   1.000   1.000   1.000   1.000    -0.005   1
