      1980         1         8        31
      1980         2         9        30
      1980         3        10        31
      1980         4        11        30
      1980         5        12        31
      1981         6         1        31
      1981         7         2        28
      1981         8         3        31
      1981         9         4        30
      1981        10         5        31
      1981        11         6        30
      1981        12         7        31
      1981        13         8        31
      1981        14         9        30
      1981        15        10        31
      1981        16        11        30
      1981        17        12        31
      1982        18         1        31
      1982        19         2        28
      1982        20         3        31
      1982        21         4        30
      1982        22         5        31
      1982        23         6        30
      1982        24         7        31
      1982        25         8        31
      1982        26         9        30
      1982        27        10        31
      1982        28        11        30
      1982        29        12        31
      1983        30         1        31
      1983        31         2        28
      1983        32         3        31
      1983        33         4        30
      1983        34         5        31
      1983        35         6        30
      1983        36         7        31
      1983        37         8        31
      1983        38         9        30
      1983        39        10        31
      1983        40        11        30
      1983        41        12        31
      1984        42         1        31
      1984        43         2        29
      1984        44         3        31
      1984        45         4        30
      1984        46         5        31
      1984        47         6        30
      1984        48         7        31
      1984        49         8        31
      1984        50         9        30
      1984        51        10        31
      1984        52        11        30
      1984        53        12        31
      1985        54         1        31
      1985        55         2        28
      1985        56         3        31
      1985        57         4        30
      1985        58         5        31
      1985        59         6        30
      1985        60         7        31
      1985        61         8        31
      1985        62         9        30
      1985        63        10        31
      1985        64        11        30
      1985        65        12        31
      1986        66         1        31
      1986        67         2        28
      1986        68         3        31
      1986        69         4        30
      1986        70         5        31
      1986        71         6        30
      1986        72         7        31
      1986        73         8        31
      1986        74         9        30
      1986        75        10        31
      1986        76        11        30
      1986        77        12        31
      1987        78         1        31
      1987        79         2        28
      1987        80         3        31
      1987        81         4        30
      1987        82         5        31
      1987        83         6        30
      1987        84         7        31
      1987        85         8        31
      1987        86         9        30
      1987        87        10        31
      1987        88        11        30
      1987        89        12        31
      1988        90         1        31
      1988        91         2        29
      1988        92         3        31
      1988        93         4        30
      1988        94         5        31
      1988        95         6        30
      1988        96         7        31
      1988        97         8        31
      1988        98         9        30
      1988        99        10        31
      1988       100        11        30
      1988       101        12        31
      1989       102         1        31
      1989       103         2        28
      1989       104         3        31
      1989       105         4        30
      1989       106         5        31
      1989       107         6        30
      1989       108         7        31
      1989       109         8        31
      1989       110         9        30
      1989       111        10        31
      1989       112        11        30
      1989       113        12        31
      1990       114         1        31
      1990       115         2        28
      1990       116         3        31
      1990       117         4        30
      1990       118         5        31
      1990       119         6        30
      1990       120         7        31
      1990       121         8        31
      1990       122         9        30
      1990       123        10        31
      1990       124        11        30
      1990       125        12        31
      1991       126         1        31
      1991       127         2        28
      1991       128         3        31
      1991       129         4        30
      1991       130         5        31
      1991       131         6        30
      1991       132         7        31
      1991       133         8        31
      1991       134         9        30
      1991       135        10        31
      1991       136        11        30
      1991       137        12        31
      1992       138         1        31
      1992       139         2        29
      1992       140         3        31
      1992       141         4        30
      1992       142         5        31
      1992       143         6        30
      1992       144         7        31
      1992       145         8        31
      1992       146         9        30
      1992       147        10        31
      1992       148        11        30
      1992       149        12        31
      1993       150         1        31
      1993       151         2        28
      1993       152         3        31
      1993       153         4        30
      1993       154         5        31
      1993       155         6        30
      1993       156         7        31
      1993       157         8        31
      1993       158         9        30
      1993       159        10        31
      1993       160        11        30
      1993       161        12        31
      1994       162         1        31
      1994       163         2        28
      1994       164         3        31
      1994       165         4        30
      1994       166         5        31
      1994       167         6        30
      1994       168         7        31
      1994       169         8        31
      1994       170         9        30
      1994       171        10        31
      1994       172        11        30
      1994       173        12        31
      1995       174         1        31
      1995       175         2        28
      1995       176         3        31
      1995       177         4        30
      1995       178         5        31
      1995       179         6        30
      1995       180         7        31
      1995       181         8        31
      1995       182         9        30
      1995       183        10        31
      1995       184        11        30
      1995       185        12        31
      1996       186         1        31
      1996       187         2        29
      1996       188         3        31
      1996       189         4        30
      1996       190         5        31
      1996       191         6        30
      1996       192         7        31
      1996       193         8        31
      1996       194         9        30
      1996       195        10        31
      1996       196        11        30
      1996       197        12        31
      1997       198         1        31
      1997       199         2        28
      1997       200         3        31
      1997       201         4        30
      1997       202         5        31
      1997       203         6        30
      1997       204         7        31
      1997       205         8        31
      1997       206         9        30
      1997       207        10        31
      1997       208        11        30
      1997       209        12        31
      1998       210         1        31
      1998       211         2        28
      1998       212         3        31
      1998       213         4        30
      1998       214         5        31
      1998       215         6        30
      1998       216         7        31
      1998       217         8        31
      1998       218         9        30
      1998       219        10        31
      1998       220        11        30
      1998       221        12        31
      1999       222         1        31
      1999       223         2        28
      1999       224         3        31
      1999       225         4        30
      1999       226         5        31
      1999       227         6        30
      1999       228         7        31
      1999       229         8        31
      1999       230         9        30
      1999       231        10        31
      1999       232        11        30
      1999       233        12        31
      2000       234         1        31
      2000       235         2        29
      2000       236         3        31
      2000       237         4        30
      2000       238         5        31
      2000       239         6        30
      2000       240         7        31
      2000       241         8        31
      2000       242         9        30
      2000       243        10        31
      2000       244        11        30
      2000       245        12        31
      2001       246         1        31
      2001       247         2        28
      2001       248         3        31
      2001       249         4        30
      2001       250         5        31
      2001       251         6        30
      2001       252         7        31
      2001       253         8        31
      2001       254         9        30
      2001       255        10        31
      2001       256        11        30
      2001       257        12        31
      2002       258         1        31
      2002       259         2        28
      2002       260         3        31
      2002       261         4        30
      2002       262         5        31
      2002       263         6        30
      2002       264         7        31
      2002       265         8        31
      2002       266         9        30
      2002       267        10        31
      2002       268        11        30
      2002       269        12        31
      2003       270         1        31
      2003       271         2        28
      2003       272         3        31
      2003       273         4        30
      2003       274         5        31
      2003       275         6        30
      2003       276         7        31
      2003       277         8        31
      2003       278         9        30
      2003       279        10        31
      2003       280        11        30
      2003       281        12        31
      2004       282         1        31
      2004       283         2        29
      2004       284         3        31
      2004       285         4        30
      2004       286         5        31
      2004       287         6        30
      2004       288         7        31
      2004       289         8        31
      2004       290         9        30
      2004       291        10        31
      2004       292        11        30
      2004       293        12        31
      2005       294         1        31
      2005       295         2        28
      2005       296         3        31
      2005       297         4        30
      2005       298         5        31
      2005       299         6        30
      2005       300         7        31
      2005       301         8        31
      2005       302         9        30
      2005       303        10        31
      2005       304        11        30
      2005       305        12        31
      2006       306         1        31
      2006       307         2        28
      2006       308         3        31
      2006       309         4        30
      2006       310         5        31
      2006       311         6        30
      2006       312         7        31
      2006       313         8        31
      2006       314         9        30
      2006       315        10        31
      2006       316        11        30
      2006       317        12        31
      2007       318         1        31
      2007       319         2        28
      2007       320         3        31
      2007       321         4        30
      2007       322         5        31
      2007       323         6        30
      2007       324         7        31
      2007       325         8        31
      2007       326         9        30
      2007       327        10        31
      2007       328        11        30
      2007       329        12        31
      2008       330         1        31
      2008       331         2        29
      2008       332         3        31
      2008       333         4        30
      2008       334         5        31
      2008       335         6        30
      2008       336         7        31
      2008       337         8        31
      2008       338         9        30
      2008       339        10        31
      2008       340        11        30
      2008       341        12        31
      2009       342         1        31
      2009       343         2        28
      2009       344         3        31
      2009       345         4        30
      2009       346         5        31
      2009       347         6        30
      2009       348         7        31
      2009       349         8        31
      2009       350         9        30
      2009       351        10        31
      2009       352        11        30
      2009       353        12        31
      2010       354         1        31
      2010       355         2        28
      2010       356         3        31
      2010       357         4        30
      2010       358         5        31
      2010       359         6        30
      2010       360         7        31
      2010       361         8        31
      2010       362         9        30
      2010       363        10        31
      2010       364        11        30
      2010       365        12        31
      2011       366         1        31
      2011       367         2        28
      2011       368         3        31
      2011       369         4        30
      2011       370         5        31
      2011       371         6        30
      2011       372         7        31
      2011       373         8        31
      2011       374         9        30
      2011       375        10        31
      2011       376        11        30
      2011       377        12        31
      2012       378         1        31
      2012       379         2        29
      2012       380         3        31
      2012       381         4        30
      2012       382         5        31
      2012       383         6        30
      2012       384         7        31
      2012       385         8        31
      2012       386         9        30
      2012       387        10        31
      2012       388        11        30
      2012       389        12        31
      2013       390         1        31
      2013       391         2        28
      2013       392         3        31
      2013       393         4        30
      2013       394         5        31
      2013       395         6        30
      2013       396         7        31
      2013       397         8        31
      2013       398         9        30
      2013       399        10        31
      2013       400        11        30
      2013       401        12        31
      2014       402         1        31
      2014       403         2        28
      2014       404         3        31
      2014       405         4        30
      2014       406         5        31
      2014       407         6        30
      2014       408         7        31
      2014       409         8        31
      2014       410         9        30
      2014       411        10        31
      2014       412        11        30
      2014       413        12        31
      2015       414         1        31
      2015       415         2        28
      2015       416         3        31
      2015       417         4        30
      2015       418         5        31
      2015       419         6        30
      2015       420         7        31
      2015       421         8        31
      2015       422         9        30
      2015       423        10        31
      2015       424        11        30
      2015       425        12        31
      2016       426         1        31
      2016       427         2        29
      2016       428         3        31
      2016       429         4        30
      2016       430         5        31
      2016       431         6        30
      2016       432         7        31
      2016       433         8        31
      2016       434         9        30
      2016       435        10        31
      2016       436        11        30
      2016       437        12        31
      2017       438         1        31
      2017       439         2        28
      2017       440         3        31
      2017       441         4        30
      2017       442         5        31
      2017       443         6        30
      2017       444         7        31
      2017       445         8        31
      2017       446         9        30
      2017       447        10        31
      2017       448        11        30
      2017       449        12        31
      2018       450         1        31
      2018       451         2        28
      2018       452         3        31
      2018       453         4        30
      2018       454         5        31
      2018       455         6        30
      2018       456         7        31
      2018       457         8        31
      2018       458         9        30
      2018       459        10        31
      2018       460        11        30
      2018       461        12        31
      2019       462         1        31
      2019       463         2        28
      2019       464         3        31
      2019       465         4        30
      2019       466         5        31
      2019       467         6        30
      2019       468         7        31
      2019       469         8        31
      2019       470         9        30
      2019       471        10        31
      2019       472        11        30
      2019       473        12        31
      2020       474         1        31
      2020       475         2        29
      2020       476         3        31
      2020       477         4        30
      2020       478         5        31
      2020       479         6        30
      2020       480         7        31
      2020       481         8        31
      2020       482         9        30
      2020       483        10        31
      2020       484        11        30
      2020       485        12        31
      2021       486         1        31
      2021       487         2        28
      2021       488         3        31
      2021       489         4        30
      2021       490         5        31
      2021       491         6        30
      2021       492         7        31
      2021       493         8        31
      2021       494         9        30
      2021       495        10        31
      2021       496        11        30
      2021       497        12        31
      2022       498         1        31
      2022       499         2        28
      2022       500         3        31
      2022       501         4        30
      2022       502         5        31
      2022       503         6        30
      2022       504         7        31
      2022       505         8        31
      2022       506         9        30
      2022       507        10        31
      2022       508        11        30
      2022       509        12        31
      2023       510         1        31
      2023       511         2        28
      2023       512         3        31
      2023       513         4        30
      2023       514         5        31
      2023       515         6        30
      2023       516         7        31
