           1        1648
           2           0
           3           0
           4           0
           5           0
           6         656
           7           0
           8           0
           9           0
          10           0
          11           0
          12          95
          13           0
          14           0
          15           0
          16           0
          17           1
          18          12
          19           0
          20          48
          21           0
          22           0
          23           0
          24           0
          25           0
